497
-2 -5
-4 -10
-7 -14
-15 -16
-13 -16
-20 -22
-20 -26
-18 -31
-13 -31
-7 -28
-3 -29
-6 -23
-2 -20
6 -19
10 -18
13 -16
9 -20
13 -27
20 -20
24 -12
21 -13
14 -8
15 -8
19 -6
28 -3
29 -6
34 -7
39 0
39 -6
47 -11
48 -11
56 -19
59 -20
59 -23
53 -26
47 -32
36 -20
32 -20
33 -23
35 -30
31 -31
30 -31
34 -36
34 -40
25 -32
23 -39
18 -37
22 -44
15 -46
23 -55
32 -59
32 -67
27 -70
28 -72
30 -75
41 -83
39 -85
38 -89
33 -97
28 -88
27 -86
21 -90
22 -86
13 -81
14 -84
8 -88
17 -96
8 -98
-2 -98
-4 -92
-18 -84
-27 -83
-27 -90
-20 -95
-22 -100
-33 -96
-37 -95
-44 -93
-38 -88
-34 -88
-37 -83
-31 -75
-35 -72
-35 -71
-37 -73
-45 -82
-49 -84
-56 -81
-56 -92
-64 -93
-67 -96
-72 -94
-78 -96
-75 -87
-83 -92
-85 -89
-82 -81
-82 -82
-82 -79
-80 -75
-81 -77
-85 -80
-92 -85
-92 -84
-96 -80
-99 -80
-99 -74
-92 -71
-92 -67
-94 -66
-97 -59
-96 -55
-92 -50
-97 -46
-94 -42
-86 -48
-81 -50
-86 -60
-84 -67
-77 -63
-76 -67
-73 -71
-73 -72
-69 -76
-69 -77
-64 -71
-62 -71
-71 -71
-67 -65
-66 -60
-52 -59
-51 -54
-47 -58
-44 -63
-38 -60
-31 -56
-28 -57
-25 -59
-25 -64
-10 -52
-13 -50
-17 -54
-13 -57
-12 -55
-3 -54
5 -63
1 -65
-1 -63
-4 -66
1 -78
10 -65
13 -60
12 -54
3 -54
1 -48
-6 -42
-15 -41
-21 -40
-26 -42
-29 -44
-43 -47
-52 -41
-48 -42
-57 -43
-68 -33
-68 -30
-66 -27
-69 -26
-73 -26
-83 -40
-92 -34
-92 -33
-100 -28
-100 -25
-92 -22
-83 -16
-78 -13
-81 -5
-88 4
-95 -9
-96 -4
-94 3
-98 3
-84 18
-93 18
-91 24
-94 28
-90 32
-88 31
-82 38
-83 31
-86 26
-78 27
-74 34
-67 28
-58 28
-50 31
-57 13
-59 8
-67 8
-70 2
-66 3
-66 -6
-64 -13
-61 -4
-59 -2
-54 5
-48 -10
-50 -16
-47 -32
-51 -28
-42 -33
-36 -30
-30 -23
-34 -18
-35 -20
-29 -12
-20 -6
-20 -3
-23 -1
-37 7
-30 11
-27 15
-24 14
-40 24
-34 31
-38 39
-42 46
-39 46
-34 51
-34 59
-47 46
-50 44
-54 40
-56 38
-59 38
-64 41
-69 47
-76 50
-77 51
-81 48
-90 43
-91 51
-89 53
-91 59
-87 66
-86 68
-94 70
-99 76
-95 75
-97 78
-93 81
-94 82
-94 96
-87 95
-82 87
-81 83
-72 79
-70 82
-72 89
-75 86
-77 77
-77 76
-74 62
-68 63
-63 67
-56 74
-58 76
-53 62
-44 69
-41 68
-41 75
-51 97
-44 97
-39 95
-34 96
-32 90
-28 83
-29 83
-29 78
-22 86
-11 97
-4 96
-17 82
-2 70
4 71
3 68
10 62
10 70
19 74
21 72
25 72
34 71
29 67
23 61
26 56
28 58
24 54
25 45
30 36
28 38
27 40
36 33
36 40
37 38
44 39
52 38
47 46
43 52
44 56
44 58
49 51
53 49
57 51
64 60
57 65
64 75
58 85
53 79
47 83
41 80
38 82
35 81
30 81
23 87
21 86
34 97
45 96
52 100
77 98
84 94
75 86
79 88
94 91
99 93
97 80
81 76
81 73
85 76
87 73
94 68
99 59
99 58
91 59
93 56
95 52
92 52
90 54
81 61
73 54
81 50
91 35
84 38
69 40
61 46
65 37
64 38
61 41
58 38
58 36
53 30
50 24
58 20
58 17
69 17
81 13
93 1
98 2
94 -5
92 -4
78 -7
93 -22
88 -27
92 -29
93 -33
98 -32
93 -35
95 -44
97 -46
99 -54
98 -61
93 -66
94 -71
100 -79
96 -81
97 -97
92 -91
87 -99
85 -90
86 -90
82 -92
78 -83
82 -83
86 -80
81 -74
75 -74
73 -75
71 -80
57 -96
45 -94
47 -94
61 -78
55 -84
51 -82
47 -82
47 -74
43 -71
47 -60
43 -56
42 -57
38 -56
40 -58
37 -49
44 -45
53 -44
55 -51
55 -53
63 -57
67 -61
63 -62
62 -68
73 -59
75 -61
81 -66
79 -67
82 -63
87 -54
88 -47
79 -41
77 -49
64 -43
75 -30
76 -23
67 -32
64 -29
63 -28
64 -19
70 -10
69 -7
60 -12
58 -7
49 0
56 4
44 8
44 10
37 10
38 23
33 15
25 8
22 9
23 13
27 17
20 32
20 34
12 36
3 44
8 43
4 51
6 56
9 55
11 57
9 58
9 50
0 58
-4 60
-12 61
-9 65
-14 72
-21 68
-22 62
-14 55
-10 53
-10 50
-13 48
-8 45
-12 37
-19 42
-19 34
-24 28
-18 24
-9 31
-7 29
-8 26
2 24
10 25
10 26
14 17
8 14
14 11
13 4
7 8
4 6
-2 8
-9 6
-8 6
-16 2
-13 -6