100
-2 2
11 -12
25 -18
39 -17
27 -39
48 -54
37 -69
33 -72
32 -61
28 -57
4 -45
-7 -38
-20 -19
-29 -18
-38 -18
-40 -22
-26 9
-48 12
-64 1
-74 4
-95 -30
-67 -45
-83 -49
-89 -62
-81 -68
-80 -66
-85 -75
-89 -88
-89 -94
-81 -90
-75 -83
-75 -72
-59 -84
-49 -86
-44 -64
-41 -63
-36 -50
-26 -57
-10 -76
1 -93
9 -88
21 -92
30 -89
39 -86
45 -98
49 -93
55 -92
56 -92
64 -99
77 -96
82 -92
79 -80
100 -89
99 -77
91 -49
68 -48
72 -39
73 -30
59 -20
95 -1
95 22
70 8
62 9
59 -2
54 -1
52 23
52 28
68 43
74 59
66 60
58 76
74 78
82 99
54 98
40 84
31 67
10 77
7 80
4 83
-11 94
-38 91
-49 77
-68 98
-84 87
-93 88
-90 86
-93 70
-95 74
-61 76
-45 68
-25 39
-6 52
8 39
17 48
9 55
10 53
18 53
39 40
33 20
11 20