8832
0 -1
4 -4
3 -3
4 -2
5 -2
8 2
9 2
10 3
6 1
3 3
3 4
6 4
7 4
8 0
9 -1
10 -2
7 -5
6 -5
2 -1
0 2
1 4
4 3
4 0
10 -4
9 -4
13 -8
12 -7
12 -6
11 -6
12 -5
13 -4
12 -4
9 -7
5 -11
6 -12
5 -13
1 -9
0 -9
2 -10
3 -9
4 -8
3 -8
6 -7
8 -11
7 -10
7 -13
7 -12
6 -15
7 -15
3 -12
3 -13
4 -14
3 -15
2 -15
5 -18
2 -17
1 -17
0 -17
-1 -16
0 -15
0 -14
0 -13
-2 -12
-3 -11
-3 -10
-3 -9
-4 -8
-3 -8
-6 -7
-7 -8
-6 -9
-5 -10
-4 -11
-2 -14
-3 -13
-4 -13
-5 -14
-6 -15
-7 -15
-8 -14
-9 -15
-10 -14
-11 -14
-12 -14
-13 -15
-10 -17
-11 -16
-12 -17
-13 -17
-12 -18
-15 -15
-19 -15
-20 -16
-16 -19
-16 -21
-17 -21
-17 -22
-19 -26
-19 -27
-20 -28
-21 -27
-23 -28
-24 -29
-28 -26
-26 -25
-24 -22
-25 -22
-24 -23
-23 -23
-22 -24
-21 -24
-21 -25
-12 -32
-11 -33
-11 -32
-11 -31
-11 -35
-12 -37
-11 -37
-15 -39
-14 -39
-14 -40
-15 -41
-16 -42
-17 -42
-18 -41
-17 -40
-16 -39
-20 -43
-21 -42
-22 -42
-23 -43
-25 -41
-23 -38
-19 -34
-19 -35
-18 -35
-15 -35
-17 -33
-15 -29
-15 -30
-8 -36
-7 -37
-6 -36
-5 -37
-5 -36
-4 -35
-5 -35
-6 -34
-6 -33
-8 -32
-12 -28
-10 -30
-10 -29
-6 -27
-7 -27
-7 -26
-11 -24
-12 -25
-12 -26
-9 -25
-9 -26
-10 -27
-7 -23
-5 -22
-5 -23
-5 -24
-5 -25
-1 -26
-3 -27
-4 -30
-1 -32
0 -33
-1 -34
-2 -35
0 -35
1 -36
2 -36
1 -35
5 -44
6 -44
7 -43
7 -44
8 -45
12 -45
9 -43
9 -39
8 -36
7 -40
6 -39
6 -38
5 -39
5 -42
4 -41
3 -42
2 -43
2 -44
1 -45
4 -47
6 -47
7 -49
8 -53
10 -49
10 -48
10 -44
11 -43
11 -42
11 -41
11 -40
12 -39
16 -35
16 -34
15 -33
19 -30
17 -29
13 -31
14 -31
15 -31
13 -34
12 -33
11 -35
11 -37
7 -34
8 -34
7 -31
11 -31
10 -31
11 -30
10 -29
12 -27
8 -29
7 -30
6 -29
5 -29
5 -30
1 -31
0 -31
0 -30
0 -29
-1 -30
-2 -30
2 -34
3 -35
4 -36
0 -38
-1 -37
-1 -38
0 -39
-3 -38
-3 -41
-5 -41
-8 -41
-7 -40
-6 -39
-4 -43
-1 -45
-2 -45
-2 -48
-1 -48
0 -49
0 -50
4 -52
1 -54
-2 -57
-1 -56
-1 -55
0 -56
1 -57
2 -58
2 -59
2 -60
3 -61
4 -62
6 -58
5 -57
6 -57
4 -59
8 -57
7 -56
3 -54
-1 -52
0 -53
-1 -53
-5 -55
-6 -56
-6 -55
-7 -55
-8 -54
-8 -53
-9 -54
-10 -54
-11 -54
-12 -53
-13 -54
-12 -55
-13 -52
-13 -53
-14 -54
-14 -55
-15 -54
-16 -53
-17 -57
-18 -58
-18 -57
-20 -56
-21 -56
-20 -55
-20 -54
-19 -53
-18 -52
-17 -51
-17 -50
-16 -49
-15 -50
-14 -51
-13 -51
-9 -47
-10 -47
-13 -48
-13 -44
-10 -40
-11 -40
-11 -41
-7 -43
-6 -44
-5 -45
-5 -46
-6 -47
-7 -46
-7 -47
-11 -43
-11 -44
-12 -45
-13 -46
-10 -50
-9 -53
-8 -52
-7 -51
-6 -50
-4 -51
-3 -50
-4 -49
-6 -53
-5 -53
-4 -57
-5 -59
-5 -60
-6 -60
-5 -64
-4 -64
-4 -67
-4 -68
-5 -68
-6 -69
-7 -70
-6 -71
-5 -70
-5 -69
-6 -68
-8 -64
-8 -65
-9 -68
-11 -68
-12 -68
-12 -67
-11 -66
-12 -64
-11 -60
-10 -60
-11 -58
-13 -61
-15 -58
-16 -59
-16 -62
-17 -65
-17 -64
-21 -63
-20 -62
-19 -62
-20 -61
-21 -60
-22 -60
-19 -60
-19 -59
-23 -56
-26 -56
-27 -55
-26 -54
-25 -54
-24 -53
-23 -52
-24 -52
-25 -53
-25 -58
-26 -59
-27 -59
-26 -58
-26 -62
-27 -61
-28 -61
-28 -57
-31 -55
-30 -55
-31 -56
-31 -57
-32 -57
-33 -58
-32 -61
-31 -61
-30 -61
-30 -64
-33 -64
-34 -66
-34 -62
-36 -64
-40 -63
-39 -62
-38 -63
-39 -66
-39 -67
-38 -68
-36 -69
-37 -72
-36 -72
-33 -70
-32 -71
-31 -72
-34 -74
-38 -75
-38 -74
-42 -78
-42 -77
-43 -78
-42 -75
-40 -75
-40 -76
-39 -77
-40 -77
-41 -73
-41 -72
-42 -71
-43 -71
-44 -71
-48 -67
-48 -68
-47 -67
-47 -66
-47 -65
-46 -64
-47 -63
-47 -62
-48 -61
-49 -60
-49 -61
-49 -62
-52 -64
-50 -65
-53 -69
-53 -66
-54 -66
-54 -65
-55 -66
-56 -67
-55 -68
-50 -69
-51 -68
-50 -67
-53 -67
-56 -70
-53 -74
-53 -75
-56 -77
-54 -79
-55 -79
-57 -82
-57 -83
-55 -81
-57 -80
-61 -80
-62 -80
-66 -84
-67 -85
-67 -86
-64 -82
-60 -83
-64 -84
-68 -83
-68 -81
-67 -81
-66 -81
-65 -80
-62 -82
-65 -78
-65 -76
-62 -76
-61 -77
-60 -76
-60 -75
-59 -76
-58 -77
-58 -75
-62 -74
-59 -73
-57 -72
-58 -71
-61 -70
-61 -69
-63 -72
-65 -72
-69 -72
-68 -73
-67 -72
-63 -69
-62 -65
-63 -66
-59 -64
-62 -62
-63 -62
-64 -64
-67 -68
-66 -67
-67 -64
-68 -66
-67 -70
-71 -70
-69 -69
-73 -72
-73 -71
-74 -70
-75 -69
-76 -70
-77 -69
-78 -69
-78 -70
-78 -71
-79 -74
-80 -73
-81 -74
-80 -75
-81 -75
-84 -78
-85 -77
-89 -77
-93 -76
-94 -75
-94 -76
-94 -77
-96 -78
-96 -77
-97 -77
-95 -74
-91 -73
-92 -72
-92 -73
-91 -74
-91 -75
-87 -77
-86 -76
-85 -76
-85 -75
-86 -74
-83 -72
-86 -72
-86 -71
-88 -72
-89 -72
-90 -71
-89 -70
-88 -69
-85 -66
-80 -68
-80 -69
-81 -69
-82 -69
-86 -68
-85 -68
-85 -64
-87 -61
-86 -60
-87 -59
-88 -68
-92 -71
-93 -71
-94 -71
-95 -70
-94 -70
-94 -69
-93 -68
-91 -68
-93 -66
-93 -65
-93 -64
-92 -60
-91 -60
-94 -57
-95 -58
-96 -58
-97 -61
-98 -60
-99 -60
-100 -56
-100 -57
-99 -58
-98 -57
-99 -56
-98 -55
-99 -55
-100 -55
-99 -54
-100 -53
-100 -51
-97 -49
-96 -49
-95 -48
-93 -45
-95 -43
-95 -41
-93 -41
-92 -42
-93 -43
-94 -39
-96 -38
-96 -39
-94 -37
-98 -38
-100 -38
-99 -40
-100 -41
-98 -44
-99 -44
-100 -44
-100 -48
-98 -52
-97 -52
-96 -53
-95 -54
-95 -53
-93 -49
-96 -51
-95 -51
-94 -51
-93 -51
-92 -52
-91 -53
-91 -54
-89 -53
-88 -54
-88 -55
-88 -56
-88 -57
-89 -57
-90 -57
-91 -58
-91 -62
-95 -61
-98 -63
-99 -62
-100 -62
-96 -66
-98 -65
-98 -67
-97 -67
-96 -68
-97 -69
-100 -72
-100 -71
-99 -70
-96 -72
-97 -72
-98 -71
-100 -74
-99 -75
-99 -77
-100 -78
-99 -78
-98 -79
-100 -82
-99 -82
-98 -84
-99 -85
-100 -84
-96 -81
-92 -78
-93 -79
-94 -79
-95 -79
-95 -80
-92 -84
-93 -85
-94 -84
-96 -85
-97 -86
-98 -89
-96 -89
-97 -91
-99 -91
-99 -92
-99 -93
-96 -95
-95 -94
-94 -95
-93 -96
-94 -97
-95 -98
-96 -97
-97 -98
-98 -97
-99 -96
-100 -97
-100 -100
-98 -100
-97 -99
-96 -100
-92 -99
-91 -99
-90 -100
-89 -98
-90 -98
-87 -96
-86 -95
-86 -96
-85 -98
-85 -100
-86 -100
-83 -100
-81 -100
-80 -99
-78 -97
-81 -94
-84 -96
-83 -97
-82 -96
-83 -95
-83 -93
-80 -96
-77 -94
-76 -93
-75 -93
-74 -95
-71 -99
-70 -99
-68 -98
-67 -98
-69 -95
-73 -98
-72 -97
-73 -96
-73 -97
-74 -97
-75 -98
-75 -99
-74 -100
-77 -99
-76 -97
-72 -93
-76 -95
-77 -96
-78 -95
-79 -94
-78 -90
-75 -86
-73 -88
-74 -88
-70 -88
-70 -87
-71 -87
-70 -86
-71 -85
-70 -85
-74 -82
-75 -82
-75 -81
-73 -80
-73 -84
-73 -85
-76 -89
-77 -87
-78 -86
-79 -85
-79 -84
-78 -85
-78 -84
-82 -84
-81 -86
-82 -87
-83 -88
-82 -90
-81 -87
-84 -83
-84 -84
-85 -84
-85 -85
-86 -86
-85 -87
-86 -88
-90 -90
-91 -91
-92 -90
-93 -91
-91 -93
-88 -94
-89 -95
-89 -94
-87 -94
-86 -93
-85 -90
-85 -91
-86 -90
-87 -91
-87 -90
-88 -90
-88 -89
-87 -88
-89 -86
-90 -87
-91 -84
-91 -82
-91 -81
-90 -82
-89 -83
-89 -82
-89 -81
-87 -83
-86 -82
-86 -81
-85 -82
-84 -81
-83 -82
-80 -79
-80 -78
-79 -79
-77 -80
-76 -79
-75 -79
-74 -78
-75 -77
-74 -77
-70 -77
-70 -78
-71 -78
-72 -77
-68 -78
-68 -79
-69 -75
-71 -75
-71 -74
-73 -74
-74 -75
-74 -74
-75 -73
-76 -72
-76 -73
-75 -72
-75 -71
-74 -71
-77 -67
-79 -66
-78 -62
-77 -62
-74 -58
-74 -59
-75 -60
-76 -59
-77 -59
-78 -58
-78 -57
-77 -56
-78 -56
-79 -55
-75 -53
-76 -53
-75 -54
-74 -55
-72 -56
-71 -55
-70 -56
-66 -58
-67 -58
-70 -54
-70 -53
-70 -52
-70 -51
-69 -51
-65 -51
-64 -50
-65 -50
-65 -47
-64 -46
-61 -46
-60 -45
-59 -46
-59 -47
-56 -46
-56 -42
-55 -43
-54 -44
-55 -44
-58 -43
-57 -44
-53 -45
-52 -48
-52 -49
-53 -49
-54 -50
-57 -51
-56 -48
-58 -49
-60 -52
-62 -51
-65 -53
-57 -57
-58 -56
-59 -56
-59 -60
-57 -64
-56 -63
-56 -64
-55 -64
-54 -63
-54 -62
-55 -60
-55 -59
-51 -57
-52 -58
-53 -57
-56 -55
-55 -56
-54 -54
-55 -54
-59 -58
-60 -56
-63 -53
-67 -55
-66 -56
-62 -59
-62 -58
-65 -62
-69 -64
-70 -63
-70 -62
-68 -60
-69 -60
-69 -59
-70 -59
-71 -58
-72 -59
-72 -60
-74 -62
-73 -63
-72 -63
-73 -64
-74 -63
-75 -64
-75 -65
-72 -67
-72 -66
-74 -67
-78 -64
-79 -60
-80 -61
-82 -61
-83 -62
-82 -63
-81 -63
-83 -66
-87 -66
-88 -66
-89 -66
-90 -65
-90 -64
-89 -63
-88 -63
-88 -64
-89 -61
-89 -59
-92 -55
-91 -56
-90 -56
-91 -55
-90 -51
-89 -50
-88 -50
-87 -50
-85 -46
-85 -45
-84 -45
-84 -48
-82 -52
-82 -56
-86 -56
-86 -55
-85 -54
-86 -52
-84 -50
-83 -49
-82 -48
-82 -49
-81 -50
-80 -51
-80 -50
-79 -49
-77 -49
-77 -48
-76 -49
-75 -49
-76 -50
-77 -50
-81 -46
-82 -44
-78 -45
-81 -42
-78 -39
-74 -38
-73 -37
-73 -38
-77 -35
-77 -36
-76 -37
-80 -33
-79 -34
-79 -35
-80 -35
-80 -36
-82 -33
-86 -33
-85 -32
-86 -30
-85 -30
-86 -29
-87 -28
-86 -28
-85 -28
-86 -27
-86 -26
-92 -34
-93 -33
-96 -32
-96 -33
-89 -31
-90 -30
-92 -30
-91 -30
-90 -29
-90 -28
-90 -27
-90 -26
-91 -25
-92 -24
-93 -23
-94 -22
-94 -21
-93 -21
-92 -23
-93 -27
-93 -26
-97 -29
-100 -27
-99 -27
-98 -27
-97 -25
-96 -26
-96 -27
-99 -29
-100 -30
-100 -31
-99 -32
-99 -33
-98 -32
-99 -34
-98 -36
-97 -35
-96 -35
-95 -35
-94 -35
-90 -38
-88 -37
-87 -38
-84 -36
-85 -37
-83 -38
-83 -37
-82 -36
-81 -37
-81 -38
-82 -40
-84 -41
-83 -42
-84 -43
-88 -45
-88 -46
-89 -47
-90 -48
-90 -47
-92 -47
-91 -46
-90 -46
-91 -45
-87 -41
-87 -42
-87 -43
-79 -42
-76 -44
-77 -45
-78 -44
-74 -45
-77 -41
-76 -40
-74 -36
-73 -35
-69 -36
-70 -35
-71 -33
-73 -30
-74 -31
-75 -30
-79 -29
-79 -31
-78 -32
-81 -30
-82 -29
-81 -29
-82 -28
-82 -27
-78 -26
-79 -24
-78 -24
-82 -25
-83 -25
-84 -24
-86 -23
-86 -24
-87 -24
-88 -25
-89 -25
-88 -24
-88 -23
-87 -22
-87 -21
-89 -17
-87 -19
-86 -19
-89 -21
-90 -21
-90 -20
-89 -19
-85 -15
-84 -14
-85 -14
-86 -13
-82 -12
-81 -12
-81 -11
-80 -10
-81 -9
-79 -7
-78 -8
-75 -12
-74 -14
-76 -14
-77 -15
-78 -16
-79 -17
-81 -15
-81 -17
-78 -13
-79 -12
-80 -13
-83 -15
-84 -15
-83 -14
-84 -13
-83 -9
-83 -10
-84 -9
-84 -8
-87 -11
-91 -9
-94 -7
-93 -8
-94 -9
-94 -10
-93 -10
-93 -11
-94 -12
-97 -12
-97 -11
-97 -15
-97 -14
-98 -14
-99 -15
-100 -15
-100 -13
-100 -12
-99 -11
-98 -10
-97 -9
-99 -5
-99 -4
-100 -4
-99 -7
-100 -9
-97 -6
-97 -4
-97 -3
-97 -2
-97 -1
-98 -1
-99 -2
-99 -1
-95 -1
-94 -5
-94 -6
-93 -7
-92 -6
-91 -6
-92 -5
-90 -3
-90 -2
-91 -1
-92 -1
-93 -2
-93 -1
-96 2
-100 1
-99 1
-98 1
-99 3
-98 3
-97 4
-93 4
-89 0
-90 0
-90 1
-90 2
-91 2
-92 1
-93 1
-94 2
-95 2
-98 6
-100 15
-100 14
-98 18
-96 15
-99 12
-100 9
-100 7
-99 7
-98 7
-97 8
-96 8
-95 7
-98 10
-97 11
-93 8
-92 9
-92 10
-90 8
-94 12
-94 11
-95 10
-95 11
-96 12
-92 8
-93 7
-89 11
-89 12
-87 14
-86 14
-85 13
-85 12
-85 11
-88 14
-87 10
-91 6
-91 5
-88 6
-87 6
-85 9
-87 12
-86 16
-90 17
-94 16
-95 19
-94 18
-94 17
-93 18
-92 18
-96 17
-97 20
-98 21
-100 23
-97 26
-93 25
-95 21
-94 22
-93 22
-93 21
-93 20
-96 23
-97 24
-96 24
-99 25
-100 28
-99 30
-100 31
-98 32
-96 36
-96 35
-96 34
-97 34
-98 34
-97 30
-96 31
-97 32
-95 30
-92 30
-93 31
-93 30
-93 29
-91 31
-92 32
-93 33
-92 35
-92 36
-91 36
-90 36
-90 35
-94 35
-95 34
-98 38
-99 40
-100 40
-100 39
-100 43
-97 46
-97 48
-100 50
-100 49
-99 45
-95 48
-94 48
-91 50
-92 49
-93 53
-96 54
-96 53
-97 51
-94 51
-95 50
-99 53
-99 52
-98 48
-99 47
-97 44
-93 45
-93 44
-92 44
-89 47
-88 48
-87 48
-87 50
-84 48
-85 48
-85 45
-85 46
-86 46
-87 45
-87 44
-86 43
-87 43
-87 42
-87 41
-90 43
-92 40
-95 38
-95 39
-96 40
-96 41
-95 42
-94 42
-91 38
-89 38
-88 39
-87 38
-83 35
-82 34
-80 32
-79 31
-78 31
-79 32
-80 33
-82 32
-81 31
-83 27
-79 29
-78 29
-78 26
-82 30
-83 29
-81 27
-80 27
-81 26
-82 25
-83 25
-84 25
-85 26
-85 27
-86 26
-86 29
-87 28
-87 29
-88 28
-89 27
-90 24
-86 24
-87 24
-85 22
-86 21
-86 20
-86 19
-88 20
-88 16
-85 14
-84 15
-83 15
-81 14
-80 15
-81 16
-82 17
-83 18
-84 19
-84 20
-83 19
-83 23
-82 22
-81 23
-81 24
-80 21
-79 22
-75 26
-75 22
-76 23
-77 22
-78 23
-76 20
-73 23
-74 19
-73 18
-74 17
-75 17
-76 17
-75 15
-74 15
-78 15
-78 16
-79 17
-79 18
-78 19
-78 18
-78 14
-78 13
-79 12
-78 12
-77 11
-78 10
-82 12
-81 12
-80 11
-81 11
-80 10
-81 9
-79 8
-76 7
-75 6
-76 5
-75 5
-74 5
-73 4
-72 1
-73 -3
-70 -3
-71 -3
-70 -1
-69 3
-68 4
-67 4
-67 0
-66 -1
-66 0
-67 2
-67 1
-71 3
-67 6
-68 7
-64 4
-65 3
-63 1
-63 2
-62 1
-63 0
-60 0
-61 1
-62 0
-63 -1
-63 -4
-63 -7
-64 -6
-65 -5
-65 -4
-64 -8
-68 -7
-69 -6
-70 -5
-71 -5
-72 -6
-72 -7
-72 -8
-71 -8
-70 -7
-73 -9
-71 -10
-70 -10
-69 -11
-69 -10
-68 -9
-66 -9
-62 -10
-63 -9
-62 -9
-61 -8
-60 -8
-59 -9
-58 -10
-60 -12
-60 -13
-60 -14
-61 -15
-59 -14
-58 -15
-58 -14
-56 -11
-55 -11
-52 -11
-55 -9
-58 -12
-54 -15
-55 -14
-57 -17
-59 -20
-63 -16
-64 -15
-63 -15
-61 -18
-62 -18
-66 -14
-65 -13
-65 -12
-64 -13
-63 -12
-62 -13
-66 -12
-67 -12
-67 -13
-68 -14
-69 -15
-69 -16
-70 -16
-71 -16
-72 -15
-72 -14
-70 -18
-66 -18
-67 -19
-67 -18
-66 -17
-64 -19
-62 -23
-63 -24
-63 -25
-60 -29
-61 -30
-62 -31
-58 -33
-57 -33
-57 -34
-53 -31
-53 -32
-52 -33
-51 -34
-50 -35
-50 -34
-49 -35
-45 -39
-42 -38
-38 -41
-39 -41
-35 -45
-36 -46
-37 -45
-36 -43
-37 -43
-41 -40
-38 -38
-39 -37
-40 -36
-39 -35
-38 -35
-37 -36
-40 -32
-41 -33
-42 -30
-41 -29
-41 -28
-38 -27
-39 -26
-36 -26
-36 -24
-38 -24
-42 -24
-46 -23
-43 -20
-43 -22
-44 -22
-41 -18
-40 -17
-40 -16
-37 -14
-40 -10
-36 -9
-36 -10
-36 -11
-35 -12
-34 -11
-30 -7
-29 -9
-30 -5
-26 -6
-22 -8
-24 -9
-25 -9
-24 -13
-24 -14
-25 -16
-23 -16
-22 -16
-23 -17
-27 -16
-27 -15
-28 -15
-29 -15
-30 -14
-31 -15
-32 -14
-29 -17
-27 -21
-29 -24
-28 -23
-29 -23
-30 -23
-31 -22
-35 -19
-33 -20
-29 -19
-30 -18
-31 -19
-35 -21
-35 -22
-34 -23
-34 -26
-35 -29
-34 -30
-33 -31
-34 -31
-35 -31
-36 -31
-36 -32
-33 -28
-32 -29
-32 -30
-31 -31
-30 -30
-31 -33
-30 -34
-30 -35
-28 -35
-29 -33
-28 -32
-27 -32
-26 -31
-26 -32
-26 -30
-27 -30
-27 -29
-28 -30
-29 -29
-27 -27
-26 -28
-25 -27
-21 -30
-23 -32
-24 -33
-23 -34
-22 -34
-22 -35
-22 -36
-18 -39
-19 -38
-21 -39
-25 -38
-26 -39
-26 -38
-27 -39
-28 -40
-29 -40
-30 -40
-30 -39
-34 -36
-33 -34
-33 -33
-34 -34
-34 -35
-35 -36
-32 -40
-33 -39
-32 -43
-30 -43
-29 -46
-29 -45
-27 -41
-27 -42
-26 -43
-26 -44
-25 -44
-22 -45
-23 -45
-27 -49
-26 -48
-26 -47
-22 -48
-21 -49
-20 -48
-21 -47
-20 -45
-18 -48
-18 -47
-17 -46
-16 -45
-16 -44
-14 -41
-14 -42
-15 -46
-19 -50
-19 -51
-23 -51
-24 -49
-25 -48
-27 -51
-27 -52
-28 -52
-32 -50
-35 -51
-34 -51
-34 -52
-34 -53
-37 -52
-37 -51
-40 -54
-41 -53
-42 -54
-43 -55
-42 -56
-41 -57
-40 -57
-38 -58
-38 -59
-37 -59
-36 -60
-35 -60
-37 -56
-36 -55
-35 -56
-34 -55
-33 -55
-30 -52
-29 -50
-29 -49
-31 -45
-35 -48
-34 -47
-38 -47
-41 -46
-41 -47
-40 -47
-40 -46
-44 -50
-40 -49
-41 -49
-44 -46
-43 -46
-43 -42
-43 -43
-44 -43
-45 -43
-49 -45
-50 -45
-50 -44
-51 -43
-52 -42
-53 -41
-52 -40
-51 -39
-52 -39
-52 -38
-53 -38
-54 -37
-52 -36
-59 -35
-60 -37
-60 -38
-59 -38
-58 -38
-57 -39
-57 -40
-58 -41
-59 -41
-63 -44
-67 -41
-67 -40
-69 -43
-70 -42
-67 -43
-65 -41
-65 -42
-66 -43
-67 -47
-68 -48
-68 -47
-67 -49
-68 -49
-71 -50
-72 -51
-73 -52
-74 -53
-70 -49
-71 -48
-72 -48
-70 -47
-71 -47
-73 -43
-69 -40
-70 -38
-71 -38
-68 -37
-67 -38
-65 -39
-62 -41
-61 -42
-62 -42
-63 -41
-62 -37
-63 -38
-61 -35
-58 -31
-59 -32
-60 -32
-64 -34
-65 -33
-64 -33
-64 -30
-64 -29
-64 -28
-65 -28
-65 -25
-66 -25
-66 -26
-66 -27
-62 -28
-61 -25
-60 -25
-59 -24
-57 -25
-57 -29
-55 -30
-55 -31
-55 -34
-54 -35
-50 -31
-49 -32
-46 -29
-48 -33
-49 -29
-48 -29
-49 -28
-48 -27
-48 -26
-47 -26
-51 -22
-50 -22
-54 -26
-55 -27
-55 -28
-52 -29
-52 -25
-53 -24
-53 -23
-52 -20
-52 -19
-56 -22
-56 -21
-55 -22
-59 -18
-63 -21
-64 -22
-65 -23
-66 -23
-68 -21
-71 -21
-68 -23
-64 -27
-66 -30
-67 -29
-67 -30
-67 -33
-66 -35
-69 -31
-69 -32
-70 -31
-71 -31
-71 -28
-70 -25
-71 -24
-72 -24
-73 -24
-73 -23
-76 -19
-72 -18
-73 -19
-73 -20
-74 -20
-75 -21
-78 -20
-81 -20
-85 -17
-85 -18
-85 -19
-85 -20
-84 -19
-83 -18
-84 -17
-87 -17
-91 -17
-95 -17
-95 -18
-94 -19
-93 -19
-97 -22
-98 -21
-99 -21
-100 -21
-97 -17
-99 -19
-100 -19
-96 -15
-94 -14
-93 -14
-92 -15
-91 -14
-90 -14
-89 -15
-88 -14
-88 -13
-85 -10
-89 -11
-89 -10
-88 -9
-84 -5
-84 -6
-87 -3
-85 1
-84 2
-83 3
-85 5
-85 4
-82 0
-84 -3
-80 0
-77 2
-76 -1
-75 -1
-79 -4
-77 -2
-76 -3
-77 -4
-77 -5
-76 -4
-77 -3
-78 -2
-81 2
-80 2
-81 6
-81 5
-80 4
-79 4
-81 8
-80 8
-79 7
-78 6
-75 10
-74 9
-73 10
-73 12
-70 12
-70 11
-70 8
-71 9
-67 10
-65 7
-64 6
-64 5
-63 6
-62 6
-60 8
-60 7
-59 8
-60 12
-58 15
-57 12
-55 13
-54 14
-53 15
-54 15
-53 16
-54 16
-53 17
-52 18
-54 19
-53 20
-56 18
-56 19
-56 20
-57 21
-58 20
-57 20
-60 18
-61 16
-63 13
-61 10
-57 7
-57 6
-58 5
-57 4
-55 2
-54 6
-53 7
-53 8
-52 8
-51 9
-50 13
-54 10
-50 7
-51 8
-50 9
-49 8
-46 6
-47 7
-44 3
-44 4
-42 2
-41 3
-41 5
-39 3
-38 3
-38 2
-35 -1
-36 -2
-37 -6
-36 -5
-36 -4
-35 -4
-34 -5
-35 -6
-36 -7
-35 -7
-39 -8
-39 -7
-40 -8
-41 -7
-43 -9
-43 -8
-44 -8
-45 -9
-43 -5
-42 -5
-41 -2
-42 0
-41 0
-43 -2
-44 -2
-45 -2
-48 -1
-44 1
-47 -3
-50 -1
-52 -5
-51 -6
-50 -10
-49 -10
-47 -7
-49 -7
-58 2
-58 -2
-58 -5
-57 -8
-53 -8
-52 -7
-56 -3
-55 -2
-55 -1
-54 -2
-53 -3
-52 -3
-52 1
-53 3
-52 5
-50 4
-49 5
-48 4
-47 5
-44 8
-45 9
-44 10
-47 9
-50 10
-51 11
-52 11
-53 12
-54 12
-53 13
-52 14
-49 16
-47 14
-48 14
-48 13
-45 12
-46 11
-42 14
-43 14
-44 17
-45 15
-42 12
-40 14
-42 10
-42 9
-41 10
-40 10
-40 9
-40 8
-36 7
-33 4
-34 4
-35 3
-38 6
-37 7
-36 8
-39 12
-42 16
-39 16
-35 19
-32 16
-33 15
-34 15
-35 12
-35 11
-32 13
-33 12
-32 12
-31 11
-30 10
-29 11
-30 12
-34 8
-33 7
-32 8
-32 7
-30 6
-29 2
-30 2
-29 4
-28 4
-30 8
-29 9
-25 10
-25 9
-21 10
-22 10
-22 11
-22 12
-25 14
-26 13
-25 12
-22 14
-20 14
-18 14
-22 17
-21 16
-20 16
-23 19
-24 19
-23 20
-25 17
-28 13
-27 11
-30 14
-29 15
-30 16
-26 19
-26 20
-27 21
-28 20
-28 19
-28 18
-31 18
-30 19
-30 20
-33 18
-37 15
-36 16
-37 17
-39 21
-39 18
-38 19
-34 23
-38 23
-37 22
-37 23
-38 24
-37 25
-36 26
-37 27
-38 27
-39 27
-42 24
-42 25
-41 26
-41 27
-43 28
-43 29
-42 30
-46 34
-49 32
-49 31
-51 32
-52 33
-51 34
-54 38
-55 39
-56 38
-56 37
-60 36
-64 36
-64 37
-65 38
-64 39
-63 39
-62 39
-62 35
-62 31
-66 35
-67 36
-66 37
-66 38
-63 41
-63 42
-64 43
-63 43
-64 44
-66 42
-69 44
-69 45
-68 45
-67 47
-66 47
-65 46
-64 47
-64 48
-68 51
-65 51
-65 52
-66 53
-67 53
-66 54
-67 55
-68 56
-69 56
-72 54
-71 55
-73 56
-66 58
-64 61
-64 62
-63 63
-67 61
-66 60
-66 61
-69 60
-70 59
-71 59
-72 59
-73 58
-73 57
-74 58
-75 58
-78 54
-77 55
-76 56
-77 57
-80 55
-79 56
-78 56
-79 57
-79 58
-78 59
-77 59
-76 59
-79 62
-75 64
-76 64
-80 64
-80 65
-77 67
-78 68
-82 68
-81 69
-85 70
-89 74
-90 74
-92 71
-91 72
-90 73
-93 69
-94 69
-95 70
-95 73
-94 74
-93 78
-94 77
-90 76
-89 76
-88 76
-87 76
-89 78
-86 78
-83 78
-81 79
-81 80
-81 81
-81 82
-81 83
-81 84
-85 87
-85 86
-85 89
-84 90
-81 94
-85 93
-86 93
-87 92
-89 90
-88 90
-87 88
-87 87
-88 86
-82 91
-83 91
-86 95
-87 94
-88 95
-89 95
-90 94
-99 98
-100 98
-99 100
-100 100
-96 97
-97 97
-100 96
-100 95
-96 94
-100 91
-98 94
-96 92
-95 92
-92 91
-91 90
-91 89
-91 88
-91 87
-92 86
-96 87
-95 88
-97 89
-96 90
-95 89
-94 90
-92 94
-92 95
-90 96
-94 100
-93 100
-92 100
-92 99
-91 98
-92 97
-90 100
-86 99
-84 98
-83 98
-82 99
-82 98
-81 97
-78 100
-80 100
-77 98
-78 98
-79 98
-79 97
-75 96
-74 100
-73 99
-73 98
-72 100
-71 99
-69 95
-67 97
-67 98
-68 98
-67 99
-67 100
-64 100
-63 100
-64 98
-64 97
-63 94
-64 95
-68 91
-68 92
-69 93
-73 96
-72 96
-72 95
-73 94
-75 94
-71 94
-67 93
-66 92
-65 93
-61 94
-62 90
-63 89
-64 89
-65 90
-65 91
-62 89
-61 88
-60 87
-59 87
-61 91
-62 92
-63 91
-59 91
-58 93
-58 94
-59 95
-60 96
-60 97
-60 99
-58 100
-57 99
-56 99
-52 99
-52 100
-51 99
-50 100
-48 99
-47 98
-44 100
-46 100
-43 97
-42 96
-43 95
-47 97
-46 97
-45 96
-44 96
-44 95
-40 98
-39 98
-40 97
-40 96
-40 100
-41 99
-42 100
-38 100
-37 100
-37 99
-36 98
-36 97
-36 96
-35 95
-34 94
-30 93
-30 92
-33 96
-31 100
-31 99
-33 99
-33 100
-34 99
-35 100
-38 96
-39 96
-37 94
-38 93
-38 94
-40 92
-40 91
-36 87
-37 89
-37 90
-38 89
-39 88
-39 89
-36 85
-34 82
-36 81
-35 79
-34 78
-35 77
-36 77
-37 78
-37 77
-37 76
-40 76
-39 76
-35 74
-34 73
-33 73
-32 74
-31 75
-32 75
-33 76
-29 77
-30 76
-30 75
-29 79
-30 79
-29 80
-28 81
-27 82
-28 82
-31 81
-32 85
-31 87
-29 88
-29 89
-29 85
-28 86
-27 86
-24 86
-23 88
-22 87
-18 84
-19 83
-20 83
-21 83
-25 79
-23 81
-25 77
-25 76
-27 80
-23 78
-22 79
-20 78
-20 79
-19 80
-18 80
-17 79
-17 78
-18 77
-21 81
-23 84
-24 84
-25 85
-25 89
-21 91
-21 95
-22 94
-23 94
-23 95
-27 93
-28 94
-25 91
-28 91
-31 89
-32 88
-33 87
-33 89
-33 91
-30 95
-30 96
-28 100
-27 98
-23 100
-26 100
-25 100
-21 99
-20 100
-17 96
-16 95
-16 94
-16 93
-15 93
-15 92
-14 91
-11 88
-13 89
-12 89
-12 90
-13 87
-14 86
-15 86
-14 82
-15 81
-14 80
-12 81
-12 80
-12 79
-16 75
-15 75
-14 74
-10 70
-11 70
-11 69
-9 68
-6 65
-2 66
-3 65
-2 64
-2 63
-2 61
-3 61
1 59
2 60
2 61
3 61
7 65
3 69
4 70
5 71
4 71
3 70
3 71
2 70
3 66
4 67
1 64
2 65
2 64
3 63
4 64
5 65
7 61
8 60
7 60
8 59
7 58
8 57
7 57
5 59
5 60
4 57
2 57
6 54
6 55
7 54
8 55
9 55
10 56
10 59
12 56
8 52
6 52
4 55
1 55
4 52
8 50
7 49
6 48
7 48
8 47
9 46
10 50
11 51
11 52
12 53
12 54
14 55
15 56
17 60
16 59
15 60
15 61
14 62
13 63
12 62
12 61
12 58
20 64
21 63
21 67
21 68
17 70
18 70
19 69
19 68
22 65
22 61
19 59
18 58
19 57
20 61
21 60
21 59
23 58
21 54
22 56
23 53
24 49
24 50
23 49
22 48
21 47
20 46
19 45
15 45
17 48
16 47
14 49
11 46
11 47
11 48
9 44
7 42
4 38
0 39
-1 40
-1 37
-2 36
1 35
1 34
1 33
1 32
-1 34
-2 34
-1 31
2 28
5 24
4 23
3 24
2 25
4 26
2 30
3 30
6 28
6 29
5 29
8 33
9 37
12 35
10 35
13 32
10 30
9 31
8 31
9 32
9 33
5 35
7 37
7 36
6 37
6 38
6 39
7 39
7 40
8 39
11 41
10 42
13 46
14 42
15 42
15 43
16 43
17 42
16 42
19 43
23 44
24 45
24 46
27 44
25 43
24 42
27 40
26 40
25 39
25 38
24 39
20 39
20 38
20 37
19 37
18 38
17 39
16 40
16 39
17 40
18 40
19 39
21 43
21 44
21 48
18 52
19 48
17 50
21 51
20 50
17 54
17 55
14 57
14 61
10 63
12 65
15 67
13 69
10 67
9 67
8 68
7 68
7 71
9 74
8 73
9 73
9 72
9 70
10 69
11 70
12 70
13 70
13 71
14 71
15 71
12 75
13 75
14 73
17 75
17 77
13 78
12 77
12 78
12 79
9 83
5 87
7 90
3 86
3 87
3 89
-1 90
-3 93
-4 92
-5 93
-5 94
-6 91
-4 89
-5 89
-6 85
-8 87
-9 87
-6 83
-2 83
-1 83
0 84
0 85
1 84
0 88
1 89
1 90
-3 87
-2 87
1 83
2 84
3 83
2 82
2 81
2 80
0 81
0 80
-1 79
-4 78
-4 77
-5 76
-6 77
-8 79
-8 80
-9 79
-9 83
-8 84
-9 85
-10 85
-10 84
-10 83
-10 82
-11 79
-12 78
-15 82
-19 86
-18 87
-14 89
-15 89
-16 88
-17 88
-18 92
-19 91
-21 89
-23 91
-23 92
-19 94
-21 98
-20 98
-19 98
-18 99
-17 99
-18 100
-15 96
-12 93
-13 94
-13 95
-14 95
-15 99
-12 99
-8 99
-7 99
-8 98
-9 99
-10 98
-10 97
-9 97
-8 93
-9 93
-8 92
-7 96
-3 98
-4 98
-5 97
-6 98
-6 99
-3 96
-2 95
1 93
2 92
3 93
4 92
5 92
8 92
4 96
-1 97
-1 98
1 100
1 99
3 99
7 97
6 96
6 95
7 95
8 94
9 95
11 93
13 95
13 94
13 93
10 90
11 90
10 89
9 88
8 87
9 86
8 86
7 86
8 85
9 85
8 81
10 85
11 84
11 83
12 86
13 86
13 87
14 90
15 93
19 92
16 88
17 89
17 92
18 95
17 96
14 98
13 100
12 100
11 99
9 100
9 97
10 98
11 97
12 97
13 96
17 99
18 98
19 99
20 99
24 100
20 97
21 97
25 97
26 98
26 99
27 100
23 96
23 95
24 95
23 94
26 90
26 94
25 93
29 97
29 96
30 97
31 97
32 97
33 98
34 99
31 100
34 97
35 97
36 96
36 97
37 97
37 98
40 98
41 98
44 98
43 98
46 94
47 93
47 92
50 90
54 93
54 90
54 91
55 92
56 93
52 90
51 91
50 91
48 87
47 87
47 85
46 84
45 83
45 84
44 85
40 89
40 88
42 84
42 85
41 82
40 81
39 81
41 79
42 80
43 79
46 76
46 75
46 74
44 73
44 72
45 71
45 72
42 72
41 68
44 66
45 67
44 68
45 69
44 69
42 70
39 66
37 69
38 69
39 70
38 71
37 71
37 72
38 72
39 73
40 72
41 74
40 75
40 76
41 75
42 76
42 77
46 79
43 82
39 78
36 77
38 76
34 77
34 73
34 74
33 73
32 74
31 74
32 73
31 72
31 73
30 74
26 70
27 69
26 68
27 67
27 66
26 65
25 66
26 66
27 62
27 63
24 67
23 67
24 68
24 69
25 69
21 73
23 73
23 72
24 71
26 72
29 70
31 66
32 66
33 67
34 67
35 67
36 68
35 69
32 69
35 71
36 73
35 73
32 76
31 77
31 78
30 78
31 79
27 76
29 72
28 73
25 74
29 78
29 77
26 80
22 77
23 81
22 82
21 81
21 83
23 83
24 84
26 86
22 90
24 90
28 88
29 91
31 89
34 91
31 94
31 92
27 93
27 92
27 96
27 97
28 94
29 94
29 93
33 94
35 94
34 93
35 93
36 94
35 95
39 94
38 93
39 92
40 93
41 94
42 94
43 94
44 95
45 92
45 88
44 88
43 89
42 90
38 87
37 88
38 89
36 86
37 82
36 80
35 80
34 79
34 82
35 83
34 85
34 86
34 87
33 87
32 86
31 85
29 86
30 84
31 84
32 83
32 82
29 81
25 78
24 78
20 75
22 78
21 79
20 79
19 79
15 80
15 81
16 80
16 81
17 82
18 83
18 84
16 84
20 86
21 87
20 88
16 86
17 86
13 83
14 82
10 81
6 83
6 80
7 79
4 77
5 77
5 76
6 77
5 78
4 79
0 75
1 74
2 73
2 72
2 71
1 70
1 71
0 72
4 74
4 75
3 75
-1 77
-3 74
-2 74
-2 73
-5 74
-1 70
-2 71
-2 70
-3 69
-7 67
-6 67
-5 68
-6 69
-7 70
-7 71
-7 72
-9 75
-9 76
-10 77
-11 76
-11 72
-10 71
-9 72
-13 76
-12 74
-13 70
-14 71
-15 72
-16 71
-17 71
-17 70
-22 66
-23 66
-23 67
-24 67
-28 69
-25 72
-24 74
-20 72
-19 73
-19 74
-19 75
-22 75
-21 74
-19 70
-17 67
-17 66
-16 66
-15 66
-11 62
-12 61
-12 62
-9 61
-5 63
-6 63
-7 64
-7 65
-8 64
-9 64
-10 65
-11 64
-12 64
-13 64
-12 65
-13 66
-17 62
-17 61
-17 60
-17 59
-16 58
-19 54
-20 55
-24 56
-24 57
-25 57
-26 59
-25 59
-22 55
-19 59
-23 63
-22 62
-21 61
-20 60
-19 61
-18 61
-20 65
-19 65
-18 64
-19 67
-20 68
-22 69
-26 66
-26 67
-27 67
-28 71
-29 71
-30 72
-31 72
-31 73
-40 81
-39 82
-38 82
-39 83
-38 84
-39 85
-40 86
-41 87
-42 87
-43 90
-42 89
-41 89
-40 88
-39 87
-38 88
-41 85
-42 85
-43 84
-44 84
-45 81
-46 80
-46 81
-47 80
-48 80
-42 75
-41 74
-40 73
-39 72
-42 72
-44 73
-45 75
-46 76
-46 77
-45 78
-43 79
-39 79
-40 78
-41 78
-43 81
-42 81
-46 85
-46 84
-47 83
-50 80
-54 82
-50 83
-50 87
-49 86
-50 85
-53 85
-55 85
-55 87
-56 88
-55 89
-54 89
-56 93
-56 96
-52 97
-53 96
-52 96
-53 97
-54 96
-54 95
-54 94
-52 92
-51 92
-52 93
-52 94
-51 95
-50 96
-50 95
-49 95
-48 95
-48 94
-49 93
-51 91
-52 91
-51 90
-50 90
-49 89
-50 89
-47 90
-46 94
-45 93
-44 92
-45 91
-45 90
-47 86
-47 85
-48 84
-49 84
-50 84
-53 80
-54 80
-55 81
-56 82
-60 80
-59 79
-60 78
-59 78
-56 79
-57 80
-59 84
-60 83
-63 80
-62 80
-66 80
-67 80
-65 76
-63 75
-62 77
-61 76
-61 77
-62 78
-59 76
-56 77
-56 74
-55 70
-54 69
-53 69
-51 70
-52 69
-49 72
-48 75
-47 74
-51 74
-50 74
-52 72
-50 68
-50 64
-49 63
-48 62
-48 61
-49 57
-46 61
-46 60
-47 59
-51 61
-54 58
-55 58
-54 61
-53 60
-49 59
-48 59
-47 56
-51 58
-52 57
-51 56
-50 54
-54 51
-52 53
-52 52
-51 51
-54 54
-55 53
-56 53
-57 54
-57 56
-58 56
-61 53
-63 54
-60 50
-61 51
-62 50
-61 47
-61 48
-59 52
-61 56
-61 57
-61 59
-62 59
-58 59
-61 61
-57 63
-58 64
-59 64
-60 63
-61 64
-62 65
-61 66
-62 66
-63 65
-64 65
-60 68
-58 70
-58 73
-59 73
-60 73
-61 72
-62 71
-61 71
-60 71
-56 68
-57 68
-55 65
-58 66
-59 65
-63 69
-63 68
-64 69
-65 68
-66 67
-73 63
-73 62
-74 61
-75 62
-72 66
-70 64
-71 63
-70 63
-70 62
-70 61
-69 62
-68 63
-67 63
-67 64
-69 66
-70 67
-71 68
-70 69
-69 69
-73 73
-70 76
-69 75
-69 74
-66 72
-68 71
-71 74
-71 71
-72 70
-73 69
-78 65
-75 66
-75 69
-75 70
-76 71
-77 72
-78 72
-78 71
-80 72
-83 71
-84 74
-83 75
-82 76
-82 75
-81 74
-77 77
-76 77
-75 77
-79 79
-75 79
-76 80
-76 79
-75 78
-74 79
-72 82
-73 81
-74 82
-72 79
-68 78
-67 77
-66 78
-70 81
-67 82
-64 85
-65 85
-65 84
-64 83
-64 82
-63 85
-62 84
-66 84
-67 84
-66 85
-66 86
-67 87
-68 87
-69 86
-73 87
-73 86
-74 86
-75 87
-79 83
-78 83
-77 83
-74 84
-73 85
-72 85
-71 86
-71 87
-72 88
-71 89
-72 90
-73 91
-73 92
-72 91
-71 90
-74 89
-78 89
-79 89
-80 90
-80 91
-79 95
-79 92
-76 89
-78 86
-79 85
-80 88
-81 88
-82 89
-83 86
-82 87
-86 84
-83 82
-84 80
-86 80
-88 83
-89 82
-90 81
-91 82
-92 83
-91 83
-94 85
-95 85
-99 81
-100 83
-98 84
-94 80
-96 82
-99 78
-100 74
-99 73
-98 74
-98 73
-97 72
-96 68
-99 66
-96 66
-97 66
-96 65
-94 67
-98 63
-99 64
-100 62
-98 60
-99 60
-98 59
-99 58
-99 57
-100 56
-98 57
-97 56
-96 56
-95 57
-94 58
-95 59
-94 59
-94 63
-94 62
-92 62
-91 61
-90 61
-89 60
-87 64
-89 65
-90 66
-90 69
-86 68
-87 67
-86 66
-85 66
-83 65
-82 64
-82 65
-85 63
-86 62
-87 61
-88 62
-87 59
-87 58
-87 57
-86 58
-85 58
-84 57
-84 56
-82 58
-81 57
-82 56
-82 55
-86 55
-90 57
-89 57
-90 58
-91 59
-93 56
-90 55
-90 53
-89 54
-88 54
-87 53
-86 52
-85 51
-84 54
-82 53
-79 50
-78 52
-79 52
-82 51
-81 50
-82 50
-83 49
-82 49
-80 47
-80 44
-79 45
-78 45
-77 44
-76 44
-77 43
-76 42
-75 46
-78 48
-79 44
-78 43
-78 42
-79 39
-77 36
-76 33
-72 29
-75 28
-75 29
-76 30
-76 31
-72 34
-74 36
-78 34
-84 32
-84 33
-88 36
-90 32
-89 31
-88 32
-86 34
-86 35
-83 36
-83 37
-84 38
-86 39
-85 40
-81 39
-82 40
-83 40
-83 41
-84 42
-82 43
-81 44
-81 45
-77 47
-75 49
-72 51
-72 50
-71 48
-70 49
-70 52
-68 53
-72 49
-73 48
-73 47
-71 44
-70 42
-71 40
-67 39
-68 39
-69 38
-70 36
-70 34
-69 34
-65 33
-65 32
-67 33
-67 32
-71 31
-69 28
-70 27
-71 25
-70 23
-67 21
-67 22
-65 21
-67 19
-64 19
-68 17
-67 17
-66 17
-67 13
-66 13
-66 14
-67 14
-68 14
-72 15
-70 19
-69 19
-69 20
-70 21
-71 20
-72 20
-68 24
-67 23
-66 23
-65 23
-61 22
-61 21
-58 18
-57 22
-55 24
-56 26
-60 24
-61 24
-62 25
-63 25
-66 28
-65 29
-66 30
-65 31
-64 31
-63 29
-63 28
-62 27
-58 25
-61 29
-61 33
-59 34
-58 33
-58 34
-57 33
-58 32
-57 31
-54 27
-53 27
-52 26
-53 25
-52 24
-50 28
-48 28
-45 28
-45 27
-46 23
-49 19
-48 18
-47 18
-48 19
-49 18
-50 19
-51 20
-51 21
-51 22
-48 23
-48 22
-50 26
-54 30
-53 29
-54 29
-55 30
-56 29
-54 33
-55 33
-54 32
-54 31
-50 36
-49 35
-48 36
-52 36
-52 38
-51 38
-51 40
-50 41
-51 42
-50 42
-50 43
-49 45
-49 46
-50 45
-51 46
-51 45
-52 44
-53 48
-56 49
-57 50
-56 50
-55 41
-56 40
-57 40
-57 41
-60 39
-60 40
-61 41
-62 42
-61 42
-57 46
-57 47
-58 47
-62 44
-62 45
-59 44
-58 43
-59 42
-55 46
-54 46
-55 45
-55 44
-54 44
-53 45
-52 45
-48 43
-47 42
-47 41
-48 40
-40 49
-41 47
-44 51
-43 50
-42 49
-42 50
-42 43
-46 45
-45 42
-43 46
-43 47
-44 46
-44 47
-45 48
-46 49
-47 50
-47 49
-47 48
-47 52
-46 52
-43 56
-42 56
-44 60
-40 57
-44 54
-45 55
-45 56
-41 60
-42 61
-41 65
-40 65
-40 62
-41 63
-42 63
-43 63
-47 63
-47 64
-46 64
-45 65
-45 66
-46 66
-47 66
-47 67
-48 68
-45 70
-44 69
-44 70
-43 70
-44 66
-41 69
-40 68
-39 69
-38 70
-37 69
-33 70
-32 69
-31 68
-30 67
-34 66
-30 70
-30 69
-29 65
-30 65
-32 63
-36 66
-37 67
-38 67
-39 67
-40 67
-37 63
-36 62
-35 62
-34 61
-33 60
-33 59
-32 60
-31 60
-30 59
-28 63
-29 62
-28 62
-28 61
-25 62
-21 59
-22 58
-23 59
-23 60
-22 59
-21 58
-20 57
-17 55
-15 55
-18 52
-19 51
-19 50
-18 49
-18 50
-19 47
-18 46
-22 50
-22 49
-25 53
-25 54
-27 54
-28 55
-29 56
-31 56
-32 57
-33 57
-36 55
-39 59
-41 55
-40 55
-36 59
-34 55
-33 54
-37 57
-41 53
-40 52
-40 51
-39 50
-38 50
-37 51
-36 50
-37 49
-38 48
-40 45
-39 44
-38 43
-38 42
-38 41
-40 42
-40 41
-36 41
-35 41
-34 42
-36 44
-36 45
-36 46
-37 45
-33 46
-34 46
-33 47
-29 50
-25 51
-25 52
-26 52
-27 52
-28 53
-28 52
-29 52
-28 51
-27 50
-31 51
-32 52
-33 53
-33 52
-32 51
-35 53
-38 54
-35 50
-35 51
-35 48
-32 44
-33 44
-34 45
-30 41
-29 40
-28 41
-26 39
-22 35
-22 34
-19 33
-20 33
-16 33
-14 31
-14 30
-14 29
-12 26
-13 26
-9 29
-5 31
-4 31
-5 35
-4 34
-4 33
-3 33
1 36
2 35
3 34
3 33
4 32
5 32
8 28
9 27
8 26
11 24
12 24
13 25
14 24
15 23
15 20
16 20
17 20
18 21
18 20
19 20
18 19
19 19
17 16
18 15
19 16
19 17
21 16
22 16
23 17
15 17
14 16
14 17
10 18
12 17
11 18
12 19
11 20
7 23
9 22
10 26
17 31
18 32
19 33
17 29
17 28
16 25
20 22
18 26
17 23
13 26
13 27
13 28
12 28
14 30
16 34
16 35
15 36
16 36
18 34
19 34
18 35
18 36
19 36
21 32
22 36
22 35
23 34
27 34
28 35
27 38
33 40
33 36
33 38
31 37
29 33
32 32
32 31
31 30
30 30
27 30
27 31
23 31
25 30
29 27
29 28
30 27
31 28
33 28
35 30
36 31
35 32
38 28
36 28
36 24
33 24
34 23
36 25
37 26
38 27
38 26
39 27
41 26
41 27
41 28
45 26
43 26
44 30
43 31
46 31
45 32
43 34
43 35
44 35
48 39
49 38
45 36
47 34
48 33
48 32
49 33
50 36
49 36
52 35
55 36
57 38
60 39
59 42
61 41
62 40
63 40
64 41
64 45
64 44
65 43
64 43
63 43
62 42
62 43
61 42
60 43
59 44
56 45
57 45
54 47
50 43
50 41
50 40
52 39
53 38
56 42
53 45
50 47
49 46
50 45
51 45
52 47
51 48
47 47
46 47
45 47
46 48
47 49
51 49
52 49
53 49
53 50
54 50
55 50
56 51
55 52
54 53
55 54
56 55
56 52
58 49
60 51
64 54
65 54
62 50
63 51
65 50
65 52
68 52
68 53
67 54
67 55
66 55
66 56
66 57
66 58
67 58
67 59
64 58
68 62
69 66
68 67
66 68
65 68
66 67
66 66
67 65
68 68
69 69
69 70
69 71
69 72
72 70
73 71
72 71
71 71
73 68
73 69
74 68
75 67
77 70
81 66
85 68
89 65
90 64
91 63
92 64
92 65
91 64
93 62
94 63
95 63
98 62
100 61
98 60
97 59
96 60
95 61
95 58
91 56
92 56
93 55
94 56
94 55
93 51
94 51
95 51
99 52
99 53
100 54
96 50
95 49
99 48
97 47
97 46
96 45
96 44
95 43
99 46
100 45
99 41
98 42
98 43
100 43
99 39
93 40
92 40
96 36
96 37
96 38
96 39
95 39
94 38
93 38
93 37
93 36
92 35
96 34
98 36
98 35
99 36
99 35
100 35
100 34
100 33
99 31
100 30
98 26
99 25
99 28
98 29
97 29
97 28
96 27
95 28
95 29
100 21
100 22
99 23
98 24
98 23
97 22
98 21
97 20
98 20
95 21
94 20
93 19
92 20
92 22
90 25
94 27
94 26
94 25
95 24
95 23
91 27
90 27
93 31
94 35
94 34
93 33
92 34
91 37
90 36
91 32
90 33
89 32
87 35
88 34
88 38
90 38
90 39
89 40
90 41
91 41
91 42
92 42
92 43
93 42
91 46
94 47
93 47
89 49
90 51
89 51
88 51
87 51
86 52
86 53
87 53
86 50
86 49
86 48
88 46
89 46
85 46
86 45
86 44
85 44
81 47
82 46
81 45
82 45
83 45
84 42
83 43
82 42
81 42
81 43
83 47
82 47
81 46
77 50
81 49
82 49
81 48
80 49
80 48
82 51
82 52
83 52
84 53
84 52
83 55
83 56
82 57
81 57
80 58
81 59
80 60
76 64
77 65
78 65
75 69
74 70
75 71
73 73
73 74
73 75
69 76
68 75
68 74
69 74
66 70
67 70
66 71
65 72
61 74
58 74
59 75
58 75
57 75
56 74
54 78
57 77
61 80
61 81
61 82
60 78
63 81
66 84
62 86
62 85
63 84
62 84
63 83
65 86
64 87
64 88
65 89
65 88
62 91
61 91
60 92
59 92
58 90
60 94
59 95
56 98
53 95
52 94
51 94
52 95
48 98
52 99
52 98
51 99
50 98
47 94
48 94
49 93
48 93
56 100
55 100
58 100
58 98
58 97
57 96
57 95
60 97
61 98
61 99
62 95
65 92
66 92
66 91
67 92
66 94
65 95
64 94
66 97
65 96
64 100
64 99
65 98
66 99
67 99
68 99
69 96
70 98
74 99
78 100
79 99
80 99
79 98
82 99
82 100
81 97
83 96
84 96
85 98
85 99
86 97
86 96
88 100
88 99
92 100
92 99
91 98
91 96
94 94
93 93
89 94
88 95
87 96
88 97
85 93
85 92
84 93
83 93
82 93
83 94
84 94
86 90
85 90
84 90
84 89
78 84
80 83
81 82
82 83
78 82
75 81
74 81
73 82
76 85
77 86
77 85
76 84
75 84
76 88
74 86
73 87
73 86
72 85
73 84
70 81
71 83
74 79
75 80
76 79
77 79
78 80
74 77
71 74
69 78
70 78
71 78
67 76
63 78
62 77
61 76
63 75
61 72
64 73
63 72
62 70
61 70
63 68
64 69
62 65
64 63
65 62
69 58
70 58
71 57
70 56
69 57
70 57
71 53
71 54
72 55
73 54
74 53
74 52
75 48
78 52
79 52
80 53
77 54
79 55
79 56
75 60
73 58
73 59
74 58
74 55
73 56
76 58
72 62
69 64
69 65
70 64
72 65
73 64
74 63
74 64
78 67
79 70
79 74
78 74
79 75
81 72
82 72
84 72
85 72
86 72
87 73
90 77
89 76
93 72
92 73
92 74
91 74
90 73
91 72
91 71
92 70
88 69
89 70
88 67
89 67
85 65
84 65
84 66
85 59
89 60
88 59
87 55
86 56
86 57
83 60
83 61
83 62
80 63
80 62
84 61
85 61
86 61
90 70
90 69
91 66
95 70
96 69
97 68
96 68
97 65
96 66
100 70
100 68
97 71
98 70
99 72
100 73
99 74
95 72
97 75
100 79
99 78
99 77
96 79
100 82
99 82
99 85
100 89
100 90
99 91
98 95
99 94
100 95
100 96
96 97
96 98
94 100
94 99
96 100
98 100
99 100
100 99
99 98
100 98
96 95
93 91
97 89
97 90
95 92
96 92
95 89
94 88
95 87
97 85
97 84
94 81
94 80
93 79
92 78
95 74
97 77
98 80
95 84
93 85
89 81
89 82
88 83
85 81
83 78
83 77
80 80
76 76
76 77
78 77
82 75
86 75
87 78
86 79
86 78
90 79
91 80
90 84
90 88
89 87
88 88
87 87
86 88
87 89
88 89
88 85
85 84
84 83
85 83
84 84
85 85
84 85
81 87
80 86
79 87
78 88
79 88
78 91
78 90
77 91
80 94
81 95
81 96
79 96
78 95
77 94
77 93
76 93
72 92
74 92
75 96
72 97
73 96
73 95
72 95
71 94
70 93
69 90
69 89
68 88
67 87
67 86
68 87
64 89
60 87
58 87
59 85
58 85
57 85
56 84
58 82
58 81
54 85
53 86
53 85
53 84
53 83
54 82
51 80
47 81
50 84
51 85
52 82
49 80
49 79
50 76
51 75
51 76
54 75
54 74
53 70
54 71
53 72
50 68
48 69
51 73
55 72
56 71
57 71
58 71
59 70
59 69
59 68
60 67
59 66
55 66
55 67
52 66
51 62
52 62
56 64
57 65
58 64
57 62
58 62
61 63
60 63
61 62
62 62
62 60
58 56
57 57
56 58
55 57
55 58
59 54
58 53
58 54
59 55
61 56
61 55
59 59
55 59
54 59
53 58
51 58
51 57
51 56
50 54
51 54
52 51
52 52
53 56
54 56
51 60
48 63
47 63
45 55
44 56
43 55
43 56
43 57
43 58
44 59
45 59
45 58
46 57
47 57
48 56
49 57
48 57
47 58
48 59
49 60
45 64
42 62
41 61
41 57
40 56
40 57
39 56
38 55
37 55
36 55
35 56
34 56
34 58
38 58
39 61
43 60
43 64
42 64
41 65
39 64
38 64
37 64
36 64
35 63
34 62
35 62
32 64
29 66
25 63
24 62
23 61
23 60
24 59
25 60
26 60
30 61
30 62
32 59
34 60
30 57
31 56
32 57
33 55
29 55
29 56
27 56
26 56
26 55
26 54
29 52
28 52
27 51
26 48
30 46
27 46
30 49
30 48
31 49
34 51
34 50
35 50
36 51
36 52
35 53
39 50
36 48
36 45
39 43
42 46
43 46
42 47
42 48
41 48
40 47
39 48
39 52
43 53
43 52
43 51
41 49
42 49
44 51
45 51
49 54
48 53
49 52
49 51
50 50
49 49
46 45
47 41
48 42
45 41
42 41
43 37
46 38
45 38
41 38
40 38
39 38
38 39
39 39
38 38
38 35
36 37
35 37
38 33
37 33
38 32
37 31
38 31
39 30
38 29
40 32
41 32
45 28
49 24
50 24
51 24
49 28
48 28
47 28
49 25
49 26
49 27
48 30
51 31
54 28
55 29
57 33
57 34
59 33
61 33
64 30
66 28
66 29
66 30
67 34
70 30
72 33
76 37
75 37
78 40
79 41
79 44
78 44
77 44
73 47
75 46
75 43
74 43
73 44
73 45
69 44
70 44
71 44
71 43
70 46
69 46
68 49
67 48
66 48
67 44
67 43
66 44
67 45
66 41
66 40
62 37
63 36
62 35
60 37
60 36
64 36
65 36
66 36
70 36
69 36
68 37
68 38
69 39
70 38
70 39
71 40
72 40
73 40
72 36
72 35
74 31
73 31
72 31
73 30
73 29
72 29
71 27
70 28
74 24
72 24
75 22
78 21
77 20
78 20
75 18
76 17
78 18
79 18
80 19
82 20
82 19
86 12
85 11
86 10
83 7
82 6
81 6
80 7
80 6
76 9
76 8
75 7
74 6
73 6
70 3
71 3
72 4
71 5
71 6
70 8
68 4
69 5
65 4
66 3
66 2
66 1
69 1
70 1
71 1
72 0
72 -1
73 -2
73 -3
76 -3
77 -4
77 -5
78 -4
79 -5
79 -4
80 -3
81 -7
85 -5
86 -5
86 -6
87 -7
88 -9
91 -8
93 -7
97 -6
99 -8
95 -11
94 -11
92 -13
91 -14
92 -15
93 -16
94 -15
94 -14
95 -15
96 -14
100 -17
99 -18
98 -18
98 -16
97 -15
96 -16
100 -14
99 -13
99 -12
100 -11
97 -8
97 -9
97 -10
93 -9
94 -9
95 -8
96 -8
92 -5
93 -4
92 -3
89 -6
88 -5
89 -2
85 0
86 -1
85 -1
85 -2
84 -3
84 -2
83 1
82 0
79 1
78 0
77 1
74 1
74 0
70 -3
71 -4
70 -6
69 -7
68 -7
68 -6
67 -6
66 -7
65 -7
64 -7
63 -7
62 -6
63 -5
62 -4
63 -3
67 -4
66 -4
66 -2
66 -1
63 -1
63 3
60 0
59 -1
58 -1
58 -2
59 -3
60 -2
62 1
61 2
60 3
59 6
60 5
59 5
56 6
55 7
54 6
55 5
54 4
53 3
56 0
54 0
57 -3
58 -3
55 -5
54 -3
53 -2
51 -2
50 -3
48 -7
47 -7
44 -11
43 -11
35 -11
34 -11
34 -12
35 -13
35 -14
36 -13
37 -14
38 -15
35 -16
34 -18
35 -19
39 -17
43 -18
44 -17
45 -17
45 -18
41 -16
42 -15
41 -12
41 -13
40 -14
43 -13
46 -14
46 -15
50 -17
51 -17
52 -16
56 -20
54 -22
54 -23
55 -23
54 -24
55 -24
56 -25
57 -25
58 -21
59 -20
59 -19
58 -17
57 -18
53 -14
54 -14
55 -13
56 -13
56 -14
56 -15
55 -16
52 -18
52 -19
50 -19
48 -21
47 -20
46 -21
45 -21
46 -22
43 -21
41 -19
38 -21
39 -20
43 -23
44 -23
44 -26
45 -28
42 -35
41 -36
41 -35
40 -34
40 -33
41 -32
41 -31
37 -31
36 -31
32 -27
31 -26
32 -25
33 -24
34 -24
34 -23
35 -22
37 -24
38 -23
39 -24
40 -25
40 -27
38 -26
37 -26
35 -28
36 -29
37 -28
34 -26
35 -26
32 -23
33 -23
33 -22
31 -19
30 -18
29 -19
28 -20
27 -19
25 -23
26 -24
25 -25
23 -23
22 -23
22 -22
21 -23
23 -20
22 -19
22 -18
23 -19
17 -26
17 -25
16 -24
13 -26
13 -24
12 -23
8 -22
12 -18
11 -19
12 -20
12 -21
13 -20
14 -20
10 -23
9 -24
10 -25
9 -26
8 -25
7 -25
6 -25
5 -26
4 -26
3 -27
2 -26
2 -25
1 -24
2 -23
-2 -22
-3 -23
6 -20
7 -21
8 -20
9 -19
9 -18
8 -17
11 -13
10 -12
9 -12
10 -11
11 -11
12 -10
13 -11
14 -10
15 -6
16 -7
16 -8
20 -7
21 -7
20 -8
19 -5
18 -5
11 -2
10 -1
11 -1
12 0
15 2
15 3
16 2
14 -1
14 -2
13 -2
16 -3
17 -2
17 -1
16 0
17 1
19 4
23 4
23 5
23 6
25 3
21 9
21 10
21 11
21 12
20 14
19 13
19 12
18 11
19 10
19 9
20 6
24 8
25 7
24 6
25 5
27 9
26 11
25 11
25 10
29 8
29 9
30 9
31 9
27 5
27 4
28 3
29 4
29 5
29 6
30 7
33 4
32 7
32 6
31 5
24 -3
25 -3
26 -4
26 -5
27 -6
26 -7
22 -10
21 -10
22 -9
24 -9
21 -12
22 -12
18 -14
18 -15
22 -14
23 -15
25 -15
21 -16
25 -12
24 -12
25 -11
29 -8
29 -7
30 -6
28 -10
29 -11
32 -12
31 -14
30 -16
29 -16
28 -17
26 -21
27 -22
28 -23
29 -24
28 -24
30 -26
29 -26
28 -26
27 -27
28 -27
29 -28
30 -29
32 -33
32 -34
33 -34
35 -33
32 -30
31 -31
30 -32
26 -30
26 -31
27 -32
26 -33
27 -33
28 -32
24 -29
23 -29
23 -30
22 -31
23 -32
22 -33
22 -34
21 -34
22 -35
24 -35
25 -35
28 -39
28 -38
28 -37
28 -36
27 -36
28 -35
30 -37
34 -37
35 -40
37 -37
36 -37
32 -41
31 -41
30 -44
30 -43
28 -42
28 -41
26 -45
25 -44
26 -44
28 -48
25 -46
24 -47
25 -48
25 -49
24 -49
26 -51
22 -51
22 -50
21 -49
22 -49
23 -50
24 -51
20 -53
21 -53
21 -52
20 -51
19 -51
20 -50
19 -49
18 -50
17 -50
17 -51
18 -52
14 -49
13 -49
15 -53
12 -50
13 -51
14 -47
14 -46
16 -48
17 -48
18 -47
14 -43
15 -40
18 -42
17 -42
16 -42
16 -45
16 -44
17 -44
18 -44
19 -45
20 -46
20 -47
22 -46
23 -45
25 -42
25 -41
26 -41
26 -40
25 -39
25 -38
24 -37
21 -40
22 -41
22 -42
23 -43
22 -43
21 -42
17 -40
18 -40
19 -40
19 -41
23 -39
22 -37
18 -34
18 -35
18 -36
19 -36
20 -37
19 -37
19 -32
21 -31
24 -27
20 -27
20 -26
19 -25
16 -21
17 -21
17 -22
20 -20
20 -21
19 -22
12 -16
13 -15
13 -14
17 -12
18 -12
17 -13
16 -14
14 -18
15 -18
15 -19
11 -16
10 -17
10 -18
6 -22
4 -22
4 -21
3 -21
2 -21
0 -19
0 -18
-2 -20
-3 -21
-4 -20
-4 -19
-4 -18
-3 -18
-3 -17
-7 -19
-8 -19
-12 -21
-12 -22
-11 -21
-12 -20
-13 -20
-14 -21
-16 -25
-19 -22
-15 -23
-14 -23
-10 -20
-10 -22
-9 -23
-7 -21
-7 -18
-6 -18
-6 -17
-6 -16
-5 -16
-7 -12
-7 -13
-10 -12
-9 -11
-10 -11
-13 -8
-17 -12
-18 -12
-19 -13
-23 -13
-19 -10
-20 -9
-20 -8
-24 -7
-24 -6
-20 -5
-19 -4
-18 -3
-17 -2
-18 -2
-15 -6
-19 -3
-20 -2
-18 -1
-18 0
-18 1
-15 -2
-15 -1
-13 2
-13 1
-11 5
-10 4
-14 4
-18 7
-19 6
-20 5
-17 5
-17 9
-16 10
-15 11
-14 11
-12 11
-10 15
-9 17
-13 20
-17 22
-13 23
-14 23
-17 19
-17 17
-16 16
-15 16
-15 15
-14 14
-12 13
-12 16
-11 17
-11 18
-12 18
-13 18
-9 19
-10 20
-10 21
-11 22
-12 23
-11 23
-12 22
-16 24
-17 25
-14 26
-15 27
-16 28
-16 29
-17 30
-16 30
-17 29
-18 28
-19 27
-20 30
-20 29
-22 25
-21 22
-24 22
-27 26
-28 25
-32 27
-33 26
-34 25
-30 28
-31 29
-32 30
-33 29
-37 30
-38 29
-38 30
-38 31
-39 31
-40 32
-39 34
-40 33
-41 34
-42 34
-41 35
-44 36
-44 35
-44 34
-44 33
-43 33
-42 32
-46 32
-46 31
-47 30
-47 26
-44 22
-43 23
-44 24
-40 24
-37 21
-36 21
-32 21
-32 23
-32 24
-35 28
-34 32
-33 33
-32 37
-33 35
-35 35
-36 34
-37 35
-39 39
-40 39
-39 38
-38 39
-35 39
-31 42
-30 43
-29 47
-28 47
-27 46
-26 47
-25 46
-25 47
-24 44
-24 45
-26 45
-22 46
-21 45
-20 45
-19 42
-18 43
-14 46
-13 47
-12 46
-11 49
-11 50
-11 51
-10 52
-10 53
-8 56
-10 57
-11 57
-14 58
-13 55
-12 54
-12 55
-11 59
-8 63
-7 62
-6 62
-3 58
-4 58
-5 59
-4 60
0 62
1 61
0 60
0 59
-1 58
0 57
-1 53
-4 51
-3 51
-4 50
-3 49
-7 51
-8 52
-7 52
-7 53
-5 53
-1 50
-5 48
-6 47
-5 45
-2 46
-1 46
-2 42
1 45
2 45
4 45
4 42
3 41
4 40
3 40
7 44
7 45
3 48
3 47
2 47
1 47
0 48
0 47
1 46
-2 44
0 42
-4 43
-5 39
-9 35
-13 36
-14 35
-15 36
-17 36
-20 35
-22 32
-24 29
-25 29
-25 30
-28 30
-28 29
-29 33
-28 32
-27 33
-27 34
-29 35
-30 36
-30 37
-29 38
-28 37
-27 36
-26 36
-25 36
-26 37
-25 37
-24 37
-23 37
-24 39
-24 40
-21 37
-18 38
-21 39
-20 39
-20 40
-16 39
-13 40
-14 43
-14 44
-13 48
-14 48
-15 49
-15 53
-16 52
-15 51
-15 52
-16 53
-17 53
-17 52
-16 51
-13 53
-9 49
-8 49
-7 49
-9 47
-9 46
-7 44
-7 40
-8 39
-9 38
-10 39
-9 42
-5 41
-7 37
-7 36
-7 35
-7 34
-11 32
-11 31
-12 28
-8 25
-9 24
-9 25
-7 21
-7 23
-5 26
-4 25
-4 26
-2 29
-3 29
-3 28
-4 28
0 27
-1 27
-1 28
0 29
-1 25
-3 23
-2 22
-1 23
2 21
2 19
3 18
4 19
5 18
5 19
6 19
6 18
7 17
6 15
5 15
4 16
3 16
4 12
7 10
7 9
6 10
5 10
8 7
9 8
9 9
10 8
11 7
12 8
11 9
12 9
16 8
16 9
14 11
13 11
14 12
15 13
14 13
10 15
11 14
10 13
11 13
11 12
11 11
9 10
13 6
13 4
17 4
20 2
21 2
23 2
19 -1
18 1
22 -1
24 -1
25 -1
21 -3
22 -4
22 -5
23 -5
23 -6
23 -7
27 -7
28 -6
30 -4
31 -4
35 -1
36 -2
40 -5
39 -6
38 -7
37 -8
36 -7
35 -8
34 -7
38 -10
37 -10
40 -8
39 -9
40 -10
44 -6
44 -5
45 -6
45 -7
46 -4
50 -4
47 -2
50 -6
49 -5
48 -5
49 -1
49 1
48 2
47 3
48 3
49 4
50 3
51 3
47 4
48 5
47 6
46 6
45 2
44 2
44 3
44 4
43 4
42 3
42 2
42 1
39 1
39 0
43 -3
44 -3
40 -3
39 -3
38 -3
36 -4
35 -5
34 -6
37 -6
33 -5
33 -6
32 -7
33 -3
33 -2
32 -1
31 -2
30 -1
29 0
28 0
28 -1
29 -1
33 1
30 3
34 7
37 10
37 9
36 9
35 9
39 11
39 12
38 13
39 14
39 15
42 13
41 10
41 11
40 10
39 9
40 8
39 7
42 6
43 7
40 3
38 3
37 7
35 11
34 12
34 11
33 10
32 11
31 12
30 12
33 15
30 15
28 16
27 20
30 18
29 18
29 19
29 20
27 22
26 23
25 23
23 24
21 25
21 24
25 25
24 25
23 26
24 27
25 28
26 27
27 28
27 27
28 26
27 25
31 22
31 21
29 23
30 24
33 21
33 20
33 18
34 18
35 18
34 17
36 21
39 20
38 21
39 22
39 21
42 24
44 21
43 21
39 17
41 20
45 16
45 15
48 11
47 10
48 9
47 9
46 8
45 8
45 9
44 9
45 10
46 11
45 12
48 13
51 10
52 10
53 9
54 12
55 11
56 15
52 12
51 13
52 13
55 9
56 13
60 12
60 10
60 9
63 9
62 5
63 6
64 7
65 11
65 15
65 14
64 15
65 16
64 16
63 15
62 16
60 16
58 14
55 17
56 17
54 15
53 15
51 15
48 15
44 12
43 16
42 15
41 16
43 18
47 21
51 21
51 22
56 22
55 22
54 21
54 20
54 23
51 19
50 18
49 18
49 20
46 24
47 24
51 27
55 25
55 26
56 26
57 26
57 25
61 24
61 23
60 26
59 25
58 29
58 30
62 27
66 26
65 25
64 27
64 26
63 25
60 21
59 20
62 18
62 21
63 20
67 22
65 19
67 19
65 23
69 26
70 25
69 24
69 23
70 23
71 22
70 21
73 21
77 24
76 25
77 26
78 26
78 25
80 27
81 24
82 24
86 25
85 26
86 27
87 28
86 29
85 29
85 31
85 33
84 34
85 38
84 38
83 37
87 41
87 40
86 39
85 40
82 39
81 40
80 39
79 38
78 38
78 37
79 37
80 36
82 34
80 32
76 34
77 32
75 30
76 30
76 29
77 28
77 29
78 30
79 29
79 30
82 30
82 27
83 26
82 22
81 22
80 21
83 17
83 18
84 18
85 19
86 18
87 19
88 19
89 19
89 20
89 21
85 21
88 24
87 24
86 23
87 21
90 18
90 17
91 18
92 17
93 17
93 14
92 15
91 14
94 12
95 11
96 11
97 12
98 13
98 12
99 11
100 12
100 16
100 13
99 9
100 8
100 7
93 9
94 9
95 8
96 9
97 9
100 5
99 5
98 6
100 2
93 4
95 5
95 4
92 0
92 -1
95 2
96 1
97 1
96 0
96 -1
100 -2
100 -4
99 -5
99 -4
98 -4
94 -1
91 2
90 3
89 3
86 7
87 7
89 6
90 6
91 5
87 2
86 2
85 1
84 3
86 9
87 10
88 9
88 10
89 11
88 12
89 13
89 14
92 11
92 12
91 12
87 16
84 15
85 15
82 13
79 15
78 15
78 13
77 12
77 11
76 11
74 13
73 14
72 13
71 12
70 13
69 13
70 17
71 16
68 16
67 16
68 15
67 14
67 10
66 6
67 7
68 8
71 10
72 10
74 9
74 8
73 8
72 8
74 10
78 6
77 3
81 3
82 3
82 2
81 0
81 -1
82 -2
82 -3
82 -4
81 -5
80 -9
81 -11
77 -14
76 -14
77 -13
77 -12
74 -9
77 -6
76 -7
75 -7
73 -6
72 -9
70 -13
69 -13
70 -11
74 -12
73 -11
72 -13
71 -17
70 -17
71 -16
72 -15
68 -19
66 -17
66 -18
65 -17
68 -21
69 -21
70 -21
70 -22
72 -22
70 -19
68 -23
67 -24
66 -23
65 -24
61 -23
61 -27
62 -27
63 -29
64 -30
63 -31
64 -31
66 -30
66 -29
70 -28
72 -30
73 -31
74 -32
74 -34
76 -31
72 -34
71 -34
70 -34
69 -33
69 -32
69 -31
70 -32
66 -36
66 -37
67 -40
67 -41
67 -42
68 -43
67 -44
68 -45
68 -46
64 -43
63 -43
65 -43
65 -44
61 -46
57 -50
57 -53
56 -54
56 -55
57 -52
58 -48
57 -48
58 -47
61 -44
60 -44
56 -40
55 -41
54 -41
53 -42
53 -43
53 -44
50 -40
49 -39
48 -39
47 -38
46 -38
44 -34
44 -35
45 -36
46 -33
47 -34
47 -33
47 -32
48 -28
47 -28
48 -29
47 -30
50 -28
50 -29
54 -30
54 -29
53 -30
52 -30
52 -31
51 -30
49 -33
49 -36
49 -37
50 -37
51 -36
53 -33
56 -33
55 -33
56 -36
54 -39
54 -40
57 -44
56 -44
56 -43
57 -42
56 -41
59 -39
59 -40
63 -41
60 -42
61 -42
63 -45
60 -48
59 -49
59 -50
59 -51
58 -55
59 -55
60 -54
61 -54
61 -55
60 -56
61 -56
65 -54
63 -57
64 -61
65 -61
61 -62
60 -63
59 -63
56 -63
55 -62
54 -62
55 -63
55 -65
52 -66
51 -67
50 -67
49 -68
49 -67
47 -69
46 -69
45 -68
46 -67
47 -67
48 -66
47 -65
48 -64
51 -64
53 -64
56 -60
57 -61
57 -58
57 -57
54 -58
55 -58
51 -57
52 -58
52 -60
51 -61
51 -62
50 -62
47 -58
49 -58
50 -57
53 -53
54 -54
54 -53
53 -49
54 -49
54 -50
53 -51
51 -53
50 -54
47 -53
48 -53
44 -56
43 -56
42 -56
42 -55
43 -54
43 -53
47 -50
48 -50
49 -50
45 -48
49 -46
50 -46
53 -47
52 -47
51 -47
50 -48
48 -44
50 -44
48 -48
45 -51
44 -51
43 -51
44 -50
43 -49
43 -46
43 -45
45 -43
44 -41
42 -42
40 -44
37 -41
35 -42
35 -43
35 -44
36 -44
37 -43
38 -44
41 -46
37 -47
37 -50
35 -47
35 -48
31 -49
28 -46
28 -45
30 -49
31 -50
30 -51
29 -51
28 -51
25 -54
25 -58
28 -56
28 -55
29 -54
33 -50
30 -47
33 -48
37 -52
37 -53
37 -54
33 -56
35 -57
34 -61
38 -61
39 -62
38 -62
37 -61
36 -60
35 -59
36 -59
37 -59
38 -58
38 -59
37 -58
33 -59
32 -60
31 -60
30 -59
29 -62
29 -61
30 -62
31 -62
30 -61
31 -61
34 -64
32 -64
28 -64
27 -64
29 -68
30 -68
27 -67
24 -64
26 -61
27 -62
31 -66
35 -69
35 -72
36 -75
37 -71
38 -72
41 -69
41 -71
41 -72
41 -73
43 -70
39 -69
40 -67
42 -67
39 -65
39 -64
42 -61
43 -61
41 -65
43 -63
40 -59
40 -58
39 -57
39 -56
38 -57
37 -56
36 -55
35 -55
32 -52
30 -56
31 -57
27 -58
28 -59
29 -59
25 -62
21 -63
20 -62
20 -61
21 -60
22 -59
21 -59
22 -60
23 -61
19 -58
20 -55
21 -56
17 -55
14 -55
13 -53
12 -52
11 -52
10 -55
12 -58
13 -59
17 -60
17 -59
17 -58
15 -58
15 -59
12 -56
12 -55
10 -57
10 -59
9 -60
5 -64
7 -60
3 -57
0 -59
1 -59
-2 -59
-2 -60
-2 -61
-5 -62
-5 -61
-7 -58
-7 -62
-8 -62
-10 -63
-14 -65
-18 -68
-17 -68
-17 -69
-16 -69
-20 -66
-21 -65
-22 -67
-23 -71
-22 -70
-21 -71
-20 -72
-20 -69
-20 -68
-21 -69
-17 -73
-18 -72
-17 -71
-17 -72
-20 -75
-21 -76
-20 -76
-23 -73
-27 -71
-26 -72
-27 -73
-26 -74
-26 -77
-29 -76
-29 -75
-28 -74
-31 -70
-32 -68
-29 -66
-28 -65
-29 -64
-28 -63
-24 -60
-24 -61
-24 -62
-24 -63
-25 -64
-26 -65
-27 -66
-27 -67
-25 -69
-25 -70
-28 -71
-29 -70
-29 -71
-29 -72
-31 -74
-34 -75
-35 -76
-36 -75
-39 -79
-39 -80
-39 -81
-38 -81
-37 -81
-38 -82
-38 -85
-38 -84
-39 -83
-40 -83
-37 -82
-37 -83
-36 -84
-35 -85
-35 -82
-34 -83
-31 -80
-32 -79
-33 -79
-32 -78
-32 -77
-32 -76
-35 -78
-33 -81
-33 -82
-32 -83
-31 -82
-32 -86
-29 -82
-28 -81
-27 -80
-28 -79
-29 -79
-25 -79
-23 -79
-21 -78
-25 -82
-25 -83
-25 -84
-26 -86
-25 -87
-25 -88
-26 -89
-23 -85
-19 -86
-17 -87
-16 -88
-16 -90
-20 -90
-21 -91
-18 -90
-19 -89
-19 -88
-15 -86
-13 -85
-14 -81
-13 -81
-12 -81
-16 -84
-18 -82
-17 -81
-21 -83
-23 -81
-19 -82
-19 -79
-19 -78
-19 -77
-18 -77
-17 -78
-17 -77
-16 -78
-14 -78
-15 -77
-15 -76
-15 -75
-15 -74
-14 -73
-12 -73
-11 -73
-12 -72
-11 -71
-11 -70
-7 -74
-6 -74
-6 -73
-5 -73
-4 -73
-3 -72
-2 -71
-1 -70
-1 -71
-1 -72
1 -69
4 -70
3 -70
4 -74
5 -73
4 -72
6 -71
6 -72
7 -68
7 -67
8 -68
9 -69
11 -72
14 -72
13 -73
14 -73
15 -72
16 -73
19 -69
18 -68
17 -68
16 -69
15 -70
14 -71
14 -70
11 -73
10 -77
10 -78
14 -81
14 -82
13 -83
12 -83
11 -84
10 -84
9 -83
10 -87
11 -89
11 -93
10 -94
13 -98
10 -97
11 -96
12 -96
8 -93
7 -93
7 -96
8 -96
9 -97
9 -96
5 -99
6 -98
5 -97
2 -95
3 -94
7 -98
10 -100
14 -100
15 -99
16 -100
18 -99
17 -99
16 -99
15 -98
16 -98
17 -97
16 -96
17 -92
15 -88
15 -86
14 -85
13 -86
15 -83
16 -82
15 -81
16 -81
17 -80
18 -79
19 -79
19 -80
20 -81
20 -82
21 -81
22 -82
22 -78
20 -77
17 -76
18 -75
22 -74
22 -71
20 -67
19 -65
18 -66
19 -67
16 -71
12 -75
12 -76
12 -77
13 -77
14 -76
13 -75
10 -76
10 -80
11 -81
12 -80
12 -79
8 -81
7 -77
8 -77
8 -78
8 -79
5 -76
3 -80
3 -81
2 -82
2 -81
1 -82
1 -81
1 -80
1 -79
0 -78
-1 -79
-2 -79
-3 -79
-3 -78
-4 -79
-7 -76
-6 -77
-7 -77
-8 -76
-9 -76
-8 -79
-7 -79
-6 -79
-3 -76
-3 -75
-3 -74
1 -76
2 -76
3 -77
2 -73
2 -72
-2 -68
-2 -67
0 -67
1 -65
0 -64
3 -65
5 -66
8 -63
12 -65
12 -66
11 -67
13 -63
15 -62
16 -62
17 -62
18 -62
22 -65
23 -66
19 -70
20 -70
20 -69
24 -68
24 -69
24 -70
25 -69
25 -70
26 -71
25 -72
29 -73
31 -75
32 -74
33 -74
34 -75
35 -77
35 -78
36 -77
39 -74
43 -78
43 -79
43 -80
43 -81
42 -82
46 -86
46 -87
49 -83
50 -80
50 -79
49 -79
47 -82
48 -81
47 -81
47 -80
46 -81
45 -80
46 -79
45 -78
47 -77
47 -76
48 -75
49 -76
45 -76
44 -76
44 -75
46 -72
46 -74
47 -73
48 -72
48 -71
48 -70
49 -69
50 -70
51 -69
54 -69
58 -71
59 -72
63 -74
67 -71
64 -69
64 -68
68 -67
68 -66
69 -67
69 -68
66 -68
69 -71
69 -75
69 -76
71 -76
68 -78
69 -81
69 -80
71 -78
70 -78
73 -81
76 -79
75 -78
76 -78
75 -77
77 -74
76 -75
75 -74
72 -70
71 -71
72 -72
73 -73
73 -72
82 -78
81 -78
80 -78
79 -75
80 -76
79 -80
83 -84
85 -81
85 -80
85 -79
86 -78
87 -79
86 -79
83 -75
83 -76
87 -76
88 -76
89 -75
90 -73
89 -70
88 -68
87 -69
91 -71
93 -74
92 -73
92 -74
91 -75
90 -79
89 -78
88 -77
92 -78
90 -81
91 -80
91 -81
90 -82
91 -82
93 -82
92 -79
93 -80
97 -84
96 -84
95 -85
94 -86
93 -85
92 -85
92 -86
90 -87
92 -87
92 -88
96 -90
95 -93
96 -92
97 -96
93 -96
92 -97
91 -97
89 -94
92 -94
95 -96
94 -99
94 -100
93 -100
89 -98
90 -99
90 -100
88 -96
86 -99
84 -98
80 -100
80 -99
79 -98
88 -92
85 -93
83 -95
83 -94
83 -93
81 -92
80 -89
79 -89
78 -90
82 -89
85 -86
85 -84
86 -84
87 -83
88 -84
88 -85
89 -85
90 -85
87 -85
86 -86
87 -87
86 -88
90 -89
90 -90
90 -91
91 -92
92 -91
92 -90
93 -89
94 -90
98 -92
99 -92
100 -93
100 -89
100 -90
100 -87
100 -86
100 -85
99 -85
98 -81
99 -78
100 -76
97 -75
96 -76
97 -77
96 -77
95 -76
94 -76
94 -74
93 -71
93 -67
94 -66
94 -65
96 -62
97 -62
96 -61
95 -61
92 -64
91 -64
91 -63
90 -67
89 -66
93 -62
99 -68
97 -65
97 -64
96 -63
97 -63
98 -63
98 -62
100 -63
98 -59
97 -55
96 -54
89 -49
88 -50
87 -51
86 -51
87 -52
87 -53
86 -52
85 -51
84 -52
83 -53
82 -52
85 -55
89 -58
85 -61
84 -62
83 -61
83 -60
80 -59
79 -60
78 -60
79 -59
78 -59
77 -59
76 -59
75 -59
74 -60
74 -59
70 -58
72 -61
71 -62
70 -62
70 -63
69 -64
70 -64
72 -65
73 -66
74 -67
75 -68
75 -69
76 -70
77 -71
74 -68
73 -68
73 -65
74 -64
78 -63
77 -64
76 -64
76 -65
75 -66
76 -66
77 -65
78 -65
79 -66
80 -66
81 -66
80 -64
78 -68
77 -68
80 -72
80 -73
84 -71
83 -71
82 -71
81 -70
82 -69
82 -68
85 -69
86 -66
87 -65
84 -66
85 -65
85 -64
84 -64
87 -63
89 -63
89 -62
91 -61
95 -59
94 -59
93 -59
90 -55
90 -54
90 -52
91 -51
92 -50
93 -51
94 -50
95 -50
95 -51
94 -51
93 -52
93 -53
92 -54
93 -55
92 -55
93 -54
94 -54
97 -52
97 -51
98 -52
99 -53
98 -54
98 -55
100 -51
99 -49
98 -49
100 -47
100 -44
100 -41
100 -42
97 -40
98 -40
100 -39
98 -37
99 -36
100 -35
100 -34
97 -32
99 -30
99 -29
95 -26
95 -27
94 -27
90 -23
89 -24
88 -25
86 -28
85 -31
85 -32
83 -30
82 -32
82 -35
81 -35
80 -36
80 -35
81 -34
80 -34
79 -33
80 -33
80 -32
81 -31
80 -30
81 -29
80 -29
80 -25
81 -26
82 -25
76 -19
77 -19
77 -18
81 -19
80 -18
80 -15
80 -13
81 -13
83 -12
85 -9
86 -10
90 -12
89 -11
90 -11
90 -10
88 -14
84 -14
83 -15
87 -12
86 -14
90 -18
94 -19
95 -18
94 -22
93 -25
94 -24
95 -23
96 -24
100 -24
99 -25
99 -26
98 -25
97 -26
94 -29
94 -30
94 -32
95 -33
95 -34
93 -38
90 -42
90 -43
90 -44
88 -47
88 -48
87 -49
80 -53
80 -54
81 -54
82 -54
83 -55
83 -56
87 -57
88 -56
88 -55
85 -57
84 -58
81 -56
80 -56
79 -56
75 -54
75 -55
74 -55
73 -56
72 -55
76 -52
77 -51
77 -50
77 -49
76 -49
80 -49
79 -49
78 -49
78 -48
77 -47
78 -46
80 -47
81 -48
82 -48
85 -46
85 -47
85 -49
87 -45
86 -44
83 -46
81 -44
81 -45
80 -44
80 -45
79 -44
75 -45
76 -45
77 -44
76 -43
77 -43
78 -43
78 -42
79 -41
79 -42
80 -42
81 -42
79 -40
75 -36
76 -37
76 -36
75 -37
76 -38
75 -39
78 -39
79 -39
78 -38
78 -37
78 -36
82 -40
83 -41
83 -42
83 -43
87 -42
88 -42
90 -39
91 -39
90 -40
89 -39
89 -38
91 -34
92 -35
95 -36
95 -37
92 -40
93 -40
96 -42
93 -44
93 -47
92 -48
91 -47
90 -46
86 -42
86 -41
86 -40
86 -39
87 -38
84 -34
84 -35
85 -34
87 -36
87 -37
89 -34
93 -33
93 -32
92 -33
89 -31
89 -30
90 -29
91 -29
91 -30
91 -31
87 -34
86 -31
87 -30
88 -29
89 -29
89 -28
88 -27
89 -27
85 -24
85 -25
93 -21
92 -19
88 -20
86 -16
86 -20
87 -22
86 -21
87 -18
84 -20
83 -21
82 -21
79 -20
77 -24
73 -28
74 -29
75 -29
76 -29
76 -26
76 -27
75 -24
75 -23
73 -24
74 -26
73 -27
72 -26
71 -26
70 -25
69 -26
66 -26
67 -26
63 -25
63 -26
63 -23
63 -21
61 -21
64 -18
67 -14
66 -13
66 -12
67 -11
66 -11
66 -10
66 -9
67 -8
64 -10
63 -9
59 -10
58 -14
59 -15
60 -15
61 -19
62 -18
62 -17
64 -13
60 -12
57 -11
53 -10
52 -10
55 -10
56 -9
56 -8
56 -7
55 -7
54 -8
53 -8
50 -10
50 -12
48 -9
47 -10
48 -12
47 -12
48 -13
50 -15
47 -17
51 -21
51 -22
47 -25
46 -25
46 -24
49 -24
50 -24
50 -25
50 -26
51 -26
53 -27
54 -28
55 -27
59 -24
60 -25
60 -26
59 -27
58 -30
57 -29
60 -30
61 -30
58 -32
59 -36
60 -37
64 -36
61 -35
63 -34
64 -34
65 -34
66 -34
67 -33
69 -37
72 -36
73 -36
72 -39
71 -38
68 -41
69 -40
68 -40
69 -41
68 -42
70 -44
74 -43
70 -46
71 -46
70 -47
69 -48
66 -52
63 -52
64 -52
63 -54
63 -55
61 -58
60 -58
59 -59
63 -59
64 -59
67 -60
74 -62
75 -62
72 -59
73 -57
70 -53
68 -50
65 -47
65 -50
64 -50
67 -54
70 -55
67 -55
67 -56
68 -57
67 -58
68 -62
65 -66
66 -65
66 -66
63 -64
62 -63
61 -64
63 -66
62 -67
61 -66
60 -66
61 -68
57 -65
56 -65
57 -66
57 -67
61 -69
63 -72
64 -71
65 -74
66 -75
67 -76
66 -76
63 -80
60 -80
56 -77
53 -79
51 -77
51 -75
54 -72
53 -73
52 -73
55 -74
56 -73
56 -72
60 -74
60 -75
63 -76
63 -77
60 -77
61 -77
58 -80
58 -81
58 -82
59 -83
57 -85
56 -86
56 -87
52 -84
53 -84
54 -82
56 -79
59 -82
58 -83
61 -86
61 -87
60 -83
61 -84
62 -84
63 -83
62 -82
65 -85
64 -86
61 -88
61 -89
62 -89
63 -89
62 -92
62 -91
64 -91
66 -87
67 -84
67 -85
69 -87
69 -88
69 -92
70 -91
71 -92
67 -93
66 -93
65 -94
65 -95
66 -95
67 -96
65 -100
64 -100
61 -98
61 -97
58 -100
59 -97
58 -98
57 -98
55 -97
55 -98
56 -100
60 -100
61 -100
64 -98
63 -98
67 -99
66 -98
69 -97
70 -97
71 -96
72 -96
72 -93
71 -93
70 -94
69 -98
71 -99
72 -99
72 -100
76 -100
75 -99
74 -100
74 -99
78 -95
74 -96
75 -95
75 -94
76 -93
77 -92
76 -90
75 -88
79 -87
78 -86
82 -90
81 -87
80 -84
78 -83
77 -82
77 -81
76 -81
75 -82
76 -83
76 -84
75 -85
74 -85
72 -88
73 -89
72 -89
74 -91
71 -87
68 -90
59 -88
58 -89
57 -90
57 -91
56 -91
55 -92
54 -93
52 -95
56 -95
57 -95
58 -94
59 -94
60 -94
61 -94
60 -95
53 -89
52 -89
51 -88
47 -84
46 -84
49 -87
45 -91
44 -92
41 -93
42 -94
43 -95
47 -93
47 -94
47 -95
46 -96
47 -97
48 -97
52 -100
53 -100
50 -97
51 -98
47 -100
46 -100
44 -99
45 -98
46 -97
47 -98
46 -98
50 -95
51 -92
50 -91
49 -90
48 -89
47 -90
46 -89
45 -90
45 -89
44 -88
45 -88
44 -87
43 -87
43 -88
40 -79
39 -79
38 -79
30 -71
30 -70
26 -70
27 -69
25 -73
27 -75
26 -76
28 -78
29 -79
28 -80
27 -81
27 -82
26 -83
26 -84
27 -85
31 -89
34 -89
36 -90
32 -91
31 -91
29 -90
26 -87
26 -88
27 -87
28 -87
29 -87
28 -86
29 -85
30 -85
31 -85
32 -86
32 -87
36 -88
36 -92
35 -93
36 -94
36 -95
37 -95
34 -98
33 -98
29 -100
30 -99
34 -100
35 -97
37 -98
38 -97
38 -98
40 -99
40 -96
41 -97
38 -93
39 -92
40 -91
40 -90
41 -91
42 -91
41 -88
41 -87
41 -86
40 -83
39 -87
38 -87
35 -84
35 -85
35 -86
38 -84
38 -83
37 -82
36 -82
35 -79
34 -78
33 -79
32 -78
32 -79
31 -80
32 -81
31 -81
30 -82
31 -82
32 -82
25 -85
22 -84
22 -85
20 -89
21 -89
21 -90
22 -91
23 -91
24 -90
27 -95
28 -94
29 -95
29 -94
30 -93
31 -93
32 -93
33 -94
32 -95
31 -95
32 -96
31 -96
30 -97
29 -97
28 -98
27 -100
26 -100
23 -100
25 -97
24 -97
23 -97
24 -96
24 -95
23 -95
27 -93
26 -93
27 -92
26 -91
24 -87
23 -87
20 -85
18 -87
18 -86
17 -86
18 -85
17 -84
21 -87
18 -90
17 -94
18 -94
20 -98
20 -99
21 -99
21 -96
17 -96
13 -94
13 -91
11 -91
8 -88
8 -89
8 -90
7 -89
6 -89
5 -90
4 -91
4 -90
1 -89
2 -88
3 -87
4 -86
5 -85
5 -86
8 -86
8 -87
7 -86
5 -83
3 -84
2 -83
1 -83
0 -83
0 -82
1 -85
0 -85
-2 -86
-3 -86
-4 -87
-1 -83
-2 -84
-3 -84
-4 -84
-5 -84
-4 -81
-5 -81
-6 -82
-6 -83
-7 -84
-8 -83
-8 -82
-11 -83
-11 -85
-12 -88
-13 -88
-12 -89
-13 -90
-13 -91
-13 -92
-12 -92
-8 -88
-8 -89
-11 -90
-10 -89
-8 -91
-7 -92
-8 -93
-10 -94
-11 -94
-11 -93
-10 -92
-6 -89
-6 -93
-6 -92
-6 -91
-2 -89
-1 -90
-1 -91
-2 -91
-3 -90
-3 -89
-2 -93
-1 -93
2 -97
1 -96
0 -97
-1 -99
-2 -99
-3 -98
-1 -95
-5 -95
-5 -99
-6 -99
-10 -98
-11 -98
-14 -100
-15 -100
-17 -97
-14 -95
-15 -96
-12 -96
-16 -93
-17 -92
-18 -91
-19 -92
-23 -90
-24 -89
-23 -88
-23 -87
-21 -86
-21 -87
-21 -88
-23 -92
-22 -93
-21 -93
-22 -92
-18 -94
-17 -95
-14 -97
-14 -98
-18 -100
-17 -99
-18 -98
-19 -98
-20 -97
-19 -96
-23 -99
-24 -98
-24 -99
-22 -96
-23 -95
-24 -96
-27 -94
-27 -95
-26 -94
-25 -93
-29 -95
-27 -99
-26 -100
-29 -97
-30 -98
-30 -99
-32 -100
-31 -96
-32 -97
-33 -97
-33 -98
-36 -100
-38 -99
-37 -96
-36 -95
-32 -93
-31 -94
-35 -93
-35 -94
-34 -95
-31 -91
-30 -87
-28 -90
-31 -89
-33 -90
-33 -91
-34 -90
-34 -91
-36 -91
-36 -90
-36 -89
-35 -89
-35 -88
-35 -87
-36 -88
-37 -87
-38 -86
-38 -87
-38 -88
-38 -89
-40 -92
-41 -88
-42 -88
-45 -85
-44 -85
-43 -86
-45 -88
-46 -87
-47 -87
-48 -88
-49 -89
-49 -90
-46 -92
-46 -91
-47 -90
-43 -92
-44 -91
-40 -90
-37 -93
-39 -94
-41 -98
-45 -95
-46 -96
-47 -96
-46 -95
-45 -94
-44 -95
-43 -99
-44 -98
-43 -97
-45 -98
-46 -99
-49 -95
-49 -94
-51 -97
-49 -100
-48 -99
-49 -98
-53 -100
-51 -99
-51 -100
-50 -100
-52 -97
-53 -96
-52 -95
-51 -94
-54 -91
-55 -92
-56 -91
-57 -90
-57 -94
-59 -92
-55 -94
-56 -97
-57 -98
-58 -97
-60 -99
-62 -97
-63 -96
-63 -95
-64 -95
-65 -94
-66 -94
-67 -93
-65 -96
-62 -99
-64 -98
-65 -97
-69 -93
-66 -91
-67 -91
-69 -89
-68 -88
-67 -89
-67 -88
-66 -89
-65 -90
-64 -91
-64 -92
-63 -91
-62 -87
-63 -86
-62 -86
-60 -87
-59 -88
-59 -87
-58 -87
-57 -86
-56 -87
-56 -86
-57 -85
-56 -85
-53 -85
-53 -84
-52 -85
-51 -84
-54 -87
-55 -83
-54 -83
-50 -87
-48 -85
-44 -83
-45 -82
-46 -82
-47 -81
-47 -80
-48 -79
-48 -78
-46 -77
-50 -79
-51 -80
-52 -81
-52 -80
-54 -77
-53 -77
-50 -74
-50 -75
-49 -76
-48 -75
-48 -74
-46 -71
-45 -72
-46 -73
-44 -69
-45 -68
-45 -69
-45 -66
-42 -68
-43 -67
-44 -63
-45 -63
-42 -60
-42 -62
-43 -61
-44 -61
-45 -60
-46 -59
-44 -55
-45 -55
-45 -54
-44 -53
-47 -56
-47 -57
-50 -61
-51 -61
-52 -60
-52 -59
-52 -55
-50 -54
-50 -53
-50 -52
-49 -52
-52 -50
-52 -51
-53 -52
-49 -49
-46 -50
-47 -50
-46 -47
-45 -46
-46 -45
-47 -44
-47 -43
-47 -42
-48 -42
-49 -42
-48 -40
-49 -40
-46 -37
-46 -36
-47 -35
-46 -34
-45 -34
-45 -35
-44 -34
-43 -34
-47 -31
-46 -31
-44 -29
-44 -25
-48 -24
-48 -25
-49 -26
-50 -25
-48 -21
-48 -20
-51 -16
-51 -18
-50 -19
-49 -18
-48 -19
-49 -16
-47 -12
-47 -11
-46 -11
-43 -11
-47 -14
-46 -13
-45 -14
-49 -12
-52 -14
-51 -13
-48 -16
-47 -16
-46 -17
-45 -17
-44 -16
-42 -13
-38 -16
-38 -17
-39 -18
-36 -17
-37 -18
-39 -14
-38 -12
-35 -14
-35 -15
-32 -12
-33 -8
-32 -8
-30 -12
-30 -11
-27 -7
-26 -7
-28 -7
-28 -6
-28 -5
-27 -2
-26 -2
-25 -3
-26 0
-23 -4
-22 -5
-22 -4
-22 -3
-24 0
-20 1
-19 2
-19 3
-16 7
-15 7
-14 6
-15 6
-14 7
-12 7
-11 8
-9 13
-8 12
-6 13
-6 17
-6 18
-5 17
-5 16
-6 15
-6 16
-7 15
-8 15
-4 15
-1 13
0 12
1 12
1 16
1 17
-2 15
-1 15
0 16
-1 18
-2 18
-3 19
-4 19
-5 20
-4 21
-3 17
-4 17
-3 18
1 14
1 13
-3 11
-7 8
-8 7
-5 7
-3 7
-6 10
-2 9
-1 9
0 10
2 6
6 7
3 10
2 10
3 9
2 8
-1 4
-2 4
-2 5
-3 4
-7 2
-8 3
-9 2
-8 5
-11 1
-11 0
-10 0
-9 -1
-10 -2
-11 -6
-12 -6
-12 -10
-13 -10
-13 -11
-14 -10
-10 -9
-6 -5
-2 -4
2 -4
1 -3
0 -4
-4 -3
-8 -7
-8 -6
-6 -2
-6 -3
-2 -1
-2 0
-2 1
2 1
