900
3 50
12 36
14 33
16 31
18 29
19 26
24 20
28 16
26 18
38 4
220 0
200 8
194 11
187 15
176 21
166 28
160 32
158 34
150 39
144 44
141 47
142 46
126 61
121 65
118 69
116 71
113 74
112 75
109 79
108 80
106 82
103 86
101 89
100 90
95 97
91 103
87 109
81 119
80 120
79 123
78 124
77 126
74 133
73 134
69 144
66 149
65 154
61 164
60 169
58 176
57 177
54 191
53 198
50 229
51 261
52 270
56 289
63 310
68 322
71 327
83 349
85 352
88 355
90 359
93 362
94 363
97 367
98 368
105 375
107 377
117 386
123 391
125 393
128 394
129 395
133 398
132 397
145 405
143 404
159 411
161 412
165 414
169 415
172 416
183 418
191 420
207 421
233 419
243 417
268 406
275 401
276 400
292 384
293 383
294 381
295 380
297 376
300 372
302 366
303 364
304 361
307 346
305 330
299 316
298 315
289 306
288 305
286 304
279 301
281 302
272 300
270 296
262 299
269 307
266 314
264 318
263 319
253 329
249 331
245 333
244 334
237 336
224 337
202 332
186 323
179 317
174 312
157 286
156 283
154 279
153 276
151 268
149 256
148 236
152 205
155 195
164 175
173 160
175 157
184 145
188 141
192 137
193 136
198 130
205 125
209 121
216 116
222 112
228 108
230 107
239 102
247 98
246 99
265 91
310 81
372 83
379 84
384 85
407 92
410 93
417 95
419 96
427 100
436 104
439 105
450 111
455 114
456 115
490 139
492 140
498 146
502 150
506 153
509 156
515 163
519 167
520 168
522 170
524 173
538 192
539 193
543 199
548 208
550 210
553 216
554 217
556 220
564 238
566 243
567 244
568 246
583 295
584 297
587 311
586 309
589 328
590 339
591 344
694 385
695 378
692 413
686 454
681 473
674 497
676 492
664 526
658 541
655 546
653 552
649 561
647 564
642 574
637 583
635 585
633 590
632 591
625 602
624 604
623 605
621 609
616 616
609 627
601 637
600 639
598 641
596 643
593 647
594 646
578 665
573 670
569 675
561 683
557 687
552 691
541 702
534 708
536 706
529 712
513 725
508 729
497 736
495 738
480 749
475 752
468 756
463 759
460 761
453 765
451 766
448 767
443 770
426 779
412 785
403 789
398 791
389 794
376 799
353 807
356 806
336 812
320 815
256 826
203 829
182 828
127 823
122 822
115 821
86 816
67 811
62 810
45 805
42 804
37 802
31 800
10 793
8 903
6 902
21 907
44 913
41 912
64 918
84 922
110 926
147 931
170 932
204 933
261 930
271 929
283 928
312 923
331 920
347 916
392 904
401 901
405 900
416 896
425 892
433 889
444 885
445 884
449 883
464 876
471 872
485 866
493 861
496 860
499 858
504 855
510 852
511 851
516 848
518 847
523 844
530 840
537 835
544 831
555 824
562 818
560 820
582 803
595 792
605 784
610 780
613 777
614 776
617 774
627 764
630 762
638 753
641 750
644 746
646 745
662 727
661 728
671 716
687 697
690 692
700 677
699 680
698 681
697 682
707 667
710 663
713 659
716 653
719 649
718 651
722 644
725 638
728 633
729 631
734 623
733 625
740 610
742 606
744 603
746 599
748 594
758 570
762 560
764 557
766 550
767 547
768 544
769 542
771 536
778 514
779 510
780 505
783 494
789 467
795 430
796 422
899 440
893 478
889 498
886 512
880 535
872 562
869 572
867 578
864 586
852 618
849 624
847 629
846 632
842 640
840 645
838 648
835 654
834 657
833 658
832 661
830 664
828 668
818 686
813 695
809 701
807 704
808 703
803 711
790 732
787 735
785 739
782 743
774 755
772 757
763 769
760 772
761 771
755 778
753 781
751 783
747 788
739 797
738 798
736 801
720 819
714 825
712 827
705 834
706 833
683 854
665 871
656 878
657 877
645 886
636 893
631 897
619 906
604 917
607 914
606 915
597 921
592 924
571 938
563 942
545 952
527 961
512 969
500 974
491 978
484 981
478 984
472 986
466 989
434 1000
669 999
672 997
675 994
677 993
685 988
701 976
702 975
704 973
708 970
715 965
724 958
723 959
726 956
727 955
730 953
732 951
737 947
743 941
745 939
752 934
759 927
777 910
792 894
805 881
806 880
810 875
812 873
815 870
817 867
821 863
827 856
825 857
837 843
843 836
988 990
993 983
836 998
839 996
848 987
855 980
858 977
868 966
870 964
871 963
873 962
874 960
877 957
883 950
884 949
890 943
895 937
897 935
911 919
917 911
919 909
926 899
928 898
929 895
932 891
934 890
935 888
936 887
941 879
946 874
953 864
954 862
956 859
961 853
963 849
965 846
966 845
967 842
968 841
969 839
976 830
984 817
986 813
996 795
863 809
876 790
878 787
879 786
882 782
887 775
888 773
894 763
896 760
900 754
901 751
904 747
905 744
907 741
908 740
909 737
912 733
913 731
915 726
920 717
922 714
930 698
947 660
949 656
950 655
955 642
957 635
958 634
959 630
962 622
970 600
971 598
973 589
977 577
980 566
983 555
985 549
987 539
990 528
989 529
991 522
999 476
998 482
903 365
902 326
1000 263
997 240
995 232
994 226
992 214
979 165
982 174
981 172
974 148
952 88
948 78
945 70
942 64
939 59
938 56
937 53
931 42
924 27
918 17
910 2
788 7
791 10
793 14
814 45
816 48
819 54
820 55
822 60
826 66
829 72
841 94
844 101
854 122
856 127
857 132
859 135
860 138
862 142
866 155
865 152
875 182
881 201
885 218
891 245
892 248
898 288
799 360
798 351
797 325
794 293
786 251
784 241
781 231
775 212
773 204
770 196
757 162
756 159
750 147
749 143
741 128
735 117
731 110
717 87
711 77
703 67
696 58
691 51
689 49
682 40
684 43
667 23
663 19
650 5
648 3
457 1
476 9
482 12
483 13
501 22
505 24
507 25
514 30
525 37
528 38
531 41
546 52
559 63
558 62
565 68
574 76
602 106
608 113
612 118
620 129
622 131
634 151
639 158
640 161
643 166
651 181
652 183
654 186
659 197
660 200
666 213
668 219
670 223
673 234
678 250
679 252
680 254
688 290
693 324
588 409
585 427
581 445
580 451
579 453
577 461
576 464
575 469
572 477
570 483
549 527
551 525
547 532
542 540
540 543
535 551
533 554
532 556
526 565
521 571
517 576
503 593
479 617
477 619
470 626
467 628
459 636
440 650
437 652
422 662
415 666
411 669
408 671
406 672
404 673
395 678
375 688
363 693
361 694
344 700
332 705
324 707
316 709
313 710
301 713
280 718
267 720
260 721
251 722
231 724
168 723
134 719
114 715
55 699
48 696
34 690
32 689
22 685
20 684
9 679
2 676
0 674
1 553
7 558
15 563
23 568
25 569
35 575
43 580
59 588
76 595
89 601
111 608
130 613
135 614
139 615
181 620
195 621
282 612
285 611
325 597
327 596
335 592
346 587
352 584
355 582
357 581
360 579
370 573
378 567
390 559
402 548
413 538
414 537
418 534
421 531
428 523
429 521
430 520
441 506
452 490
458 481
462 472
465 466
474 446
481 424
486 402
488 390
489 356
487 335
473 282
469 272
461 258
454 247
447 239
446 237
442 233
438 228
435 225
432 222
424 215
420 211
394 194
386 190
380 188
371 184
348 179
340 178
308 180
290 185
284 187
259 202
258 203
255 206
254 207
252 209
242 221
234 242
232 253
236 275
235 274
238 280
241 285
250 294
248 292
277 278
278 277
287 269
306 262
328 264
330 265
334 266
337 267
349 273
362 284
365 287
368 291
373 298
377 303
382 313
385 321
391 354
388 389
387 392
383 407
381 410
374 426
369 435
367 437
366 438
358 450
359 448
354 455
350 459
351 458
345 465
341 468
339 470
338 471
333 475
329 479
326 480
321 485
318 486
317 487
315 488
314 489
311 491
296 499
291 501
274 508
257 513
206 519
177 518
171 517
167 516
162 515
146 511
136 509
131 507
124 504
120 503
119 502
104 496
102 495
99 493
82 484
49 460
46 457
39 452
36 449
30 442
29 441
27 439
17 428
13 423
