300
118 29
120 32
124 48
132 55
136 55
140 68
139 65
138 73
148 75
148 79
160 73
165 83
158 94
154 95
154 92
146 95
158 120
165 107
177 93
180 87
181 91
187 100
178 104
182 111
182 127
189 128
190 135
181 145
168 137
180 162
189 167
194 164
186 186
186 186
204 208
205 213
213 225
215 247
239 244
237 253
243 261
253 300
249 315
251 327
255 332
271 368
272 378
285 362
291 359
294 374
300 377
301 374
311 386
324 384
329 405
324 408
319 421
313 428
317 431
306 418
296 422
293 432
284 436
283 436
283 432
277 454
291 467
256 503
273 498
257 513
263 523
260 529
256 527
254 528
249 531
236 538
236 544
247 559
232 555
205 531
191 534
180 534
190 545
181 550
185 575
187 575
186 583
201 569
225 582
225 580
233 568
243 579
248 573
256 571
260 564
257 563
262 555
256 546
265 541
268 545
275 548
279 564
290 557
274 540
282 529
287 538
296 538
301 532
302 525
301 524
300 524
315 506
321 498
317 485
311 491
304 496
300 490
293 486
296 477
296 468
303 466
303 456
303 445
320 453
325 462
333 461
344 436
340 438
329 425
343 411
351 408
353 394
363 385
362 382
370 371
361 365
361 368
366 366
373 358
359 352
383 327
395 301
400 290
389 281
383 277
399 261
398 256
391 244
381 239
387 224
382 226
375 217
375 198
400 187
378 172
392 159
395 160
390 148
399 144
402 141
406 132
413 132
416 140
424 140
408 124
408 120
396 131
420 119
423 119
431 119
440 107
433 102
414 100
437 73
438 64
437 45
454 51
462 43
471 40
480 38
483 37
473 52
479 60
477 64
468 59
461 60
462 61
478 85
463 78
467 79
457 95
462 107
466 118
466 120
455 141
450 164
431 163
415 181
413 186
408 193
417 191
431 215
421 219
417 221
401 236
409 245
414 248
416 255
401 244
388 258
377 254
375 261
353 243
348 252
352 254
357 264
357 266
355 275
349 289
346 288
342 293
348 294
370 272
366 274
370 290
371 294
370 297
371 310
357 319
342 334
347 327
361 330
368 339
359 341
346 357
344 363
339 354
341 346
329 335
326 351
320 352
306 351
308 349
283 342
294 330
313 312
299 303
293 309
277 316
272 317
276 304
270 294
272 294
269 279
274 282
277 274
268 271
279 256
267 242
264 245
265 243
266 250
253 238
261 229
267 211
251 181
245 180
257 192
249 208
234 218
234 210
222 215
217 208
224 205
217 197
221 194
216 185
224 180
225 175
235 173
226 159
235 163
233 149
234 140
229 143
213 167
204 155
208 142
211 141
202 137
201 126
213 106
207 104
204 85
191 51
178 54
182 38
177 36
164 27
141 26
