4096
-2683 -11355
-13036 -22299
-2865 -25955
9697 -42106
-4818 -35477
-5360 -43289
-14489 -38483
-25115 -47277
-25717 -55755
-45049 -40068
-41060 -38422
-28622 -29920
-39922 -29478
-49726 -16600
-62811 -22473
-63827 -28409
-69692 -22232
-77250 -13141
-79213 -12365
-77304 -20425
-80413 -30306
-83514 -36714
-120353 -71675
-125818 -88839
-117217 -102371
-104717 -83027
-103153 -69300
-97266 -72219
-94209 -71833
-96387 -67412
-97102 -60610
-91108 -65583
-89290 -72015
-82448 -62970
-73660 -58797
-78372 -50690
-67647 -44360
-62267 -45058
-62135 -56262
-62364 -57648
-58090 -59353
-56607 -69090
-44107 -63930
-39003 -72352
-29245 -69551
-31521 -75370
-20839 -95895
-34030 -110632
-42004 -114445
-47763 -108587
-44290 -96422
-57045 -85742
-60373 -80338
-63066 -87886
-57031 -94478
-69504 -100997
-74349 -88757
-79894 -87387
-82383 -79710
-89000 -91471
-82181 -100659
-85975 -98873
-91735 -103008
-84762 -118940
-98052 -122582
-111646 -123650
-117051 -145397
-115453 -150408
-116480 -153648
-107896 -146454
-102825 -151096
-111882 -174632
-105031 -172928
-93226 -161951
-89029 -164608
-88210 -151123
-63940 -126098
-47052 -118786
-40554 -126174
-44073 -128192
-50243 -126586
-51021 -133397
-59986 -142477
-46963 -147467
-36533 -147883
-41856 -153614
-46534 -159488
-52988 -166692
-53935 -172449
-40504 -169634
-38790 -182051
-28033 -190785
-30078 -198494
-17196 -211969
-29933 -215151
-33537 -222255
-38780 -230844
-32092 -240698
-28378 -245296
-43616 -257407
-41156 -259691
-42127 -264230
-49324 -257576
-53285 -249822
-50026 -248146
-61624 -271558
-76684 -283621
-82711 -284175
-84150 -284253
-85409 -267748
-88537 -257114
-72934 -243698
-70133 -231134
-61083 -239363
-53215 -237813
-50345 -234557
-53328 -230355
-63065 -222989
-54036 -210619
-57728 -201355
-72085 -213250
-79346 -218654
-69303 -202449
-63311 -190674
-71842 -185659
-73228 -174415
-88449 -186805
-107639 -199129
-109462 -223771
-114606 -218572
-122859 -225754
-128078 -221347
-122066 -209888
-122839 -206333
-132392 -202745
-142695 -204158
-135094 -210806
-138795 -212450
-138694 -226804
-139327 -226465
-148506 -223465
-152880 -221575
-163448 -206065
-161596 -205203
-161262 -197894
-161665 -185432
-171137 -196733
-187162 -185427
-202201 -174019
-210552 -177798
-199573 -166981
-207827 -166462
-195038 -151665
-211593 -152775
-223445 -152377
-239516 -168916
-260068 -173295
-250637 -186329
-253756 -196700
-262560 -187909
-279488 -173232
-264417 -159698
-282337 -149570
-286037 -153409
-292732 -146640
-302457 -133890
-309931 -120424
-303298 -113786
-315811 -98661
-314301 -108620
-331318 -127568
-336676 -121849
-347207 -109956
-347279 -112977
-348378 -118839
-360931 -111850
-364439 -108490
-344565 -136032
-359328 -133102
-362675 -132960
-366069 -146475
-383413 -132815
-389892 -158702
-383835 -181596
-368036 -188727
-369206 -186713
-370898 -185485
-377424 -188233
-380141 -192196
-390810 -204645
-386066 -207808
-378395 -211093
-382188 -219147
-391666 -225917
-398388 -242072
-417838 -247100
-420131 -246773
-425145 -236121
-432683 -227795
-427026 -219591
-414308 -231051
-409169 -221471
-405147 -215278
-408234 -209090
-412072 -211137
-429474 -190256
-435500 -183929
-452150 -173422
-427009 -174126
-419589 -177753
-417553 -186296
-408077 -181179
-412237 -170280
-414550 -156088
-428970 -155166
-443073 -149052
-456319 -139264
-464285 -133774
-456311 -116806
-439535 -126990
-442514 -121756
-430956 -101823
-426715 -104903
-415980 -117282
-409825 -116241
-406609 -125775
-383544 -111932
-380194 -109289
-379948 -104570
-383464 -96413
-383181 -94022
-377820 -74830
-364516 -64551
-356105 -55246
-353377 -55147
-349300 -65409
-355587 -97278
-351451 -100701
-350854 -100400
-343144 -86558
-336247 -87325
-322538 -71669
-322053 -66019
-320307 -64229
-305551 -58120
-295044 -47181
-299424 -43268
-313144 -45772
-320444 -29657
-322338 -20825
-317854 -4363
-312127 -4286
-323157 15175
-315771 26617
-321431 32789
-326589 31214
-326945 31915
-333074 26901
-337348 26603
-340894 28036
-341588 20056
-347681 17011
-346262 9201
-357668 10669
-370988 -2639
-362271 -1053
-347988 -21139
-352895 -23599
-347041 -32810
-361998 -37690
-363087 -24943
-392478 -42372
-387704 -58318
-396523 -72264
-405599 -71393
-422718 -78521
-416919 -64856
-420235 -61910
-412124 -56709
-416428 -40945
-419724 -40238
-423124 -29847
-428470 -20156
-433379 -15364
-425802 -13073
-420397 -17037
-400426 -7972
-388264 4165
-399923 15490
-407643 17848
-423735 28880
-433929 38653
-419477 36951
-408553 34132
-401930 36142
-392725 49593
-391137 49544
-373073 25944
-350712 44012
-333303 39222
-333611 39470
-330292 43932
-329551 47706
-327674 62625
-339719 61569
-354028 68786
-354780 84473
-339040 94967
-349161 102277
-355333 112676
-342493 120565
-345941 129898
-337034 129455
-331334 142866
-319661 162228
-315531 169019
-302538 173779
-312252 176692
-334631 184054
-346108 181049
-355078 178889
-356350 176538
-364905 165489
-365814 162641
-358049 152303
-363934 152807
-377136 146169
-362127 125798
-369092 124549
-387972 119886
-372031 105747
-370441 93635
-377016 79644
-397411 61726
-408023 57520
-414593 67495
-393315 89231
-407192 96804
-409613 98512
-410547 100463
-413154 98087
-416986 94611
-413288 89803
-435888 111915
-434297 112241
-426542 111570
-413103 123164
-403941 122579
-411635 136939
-416609 143862
-414592 144371
-411365 161617
-400278 162604
-402174 157360
-400376 149137
-388985 149481
-382576 158150
-383376 162562
-387728 163037
-393854 169999
-380465 176634
-390852 177185
-401642 185706
-404860 182951
-389935 201512
-377110 201557
-375546 198440
-362634 184434
-359251 189743
-363399 195088
-366198 197831
-361571 201040
-347920 203070
-344684 210004
-336546 219143
-322399 203475
-304263 213918
-298993 219489
-297088 228545
-287758 227183
-283113 239927
-284968 246366
-275823 246384
-264512 234840
-256912 231966
-272052 223319
-257939 207024
-270083 203431
-287553 217309
-286551 208498
-292460 202945
-293356 189397
-281467 179770
-283662 167536
-276191 166857
-299161 143814
-294042 148242
-281943 144708
-278285 147625
-271375 143269
-255385 138593
-252878 131321
-264382 126115
-274957 130943
-282196 126426
-284653 129720
-294095 120086
-293494 112271
-287931 101642
-289006 100143
-309623 124684
-313336 134192
-321227 119525
-320090 116012
-313402 102500
-308927 87404
-306028 79949
-297264 73257
-300248 69890
-310397 62331
-299631 56731
-291268 57913
-304028 22027
-298014 17707
-287018 12743
-291701 -2734
-278696 181
-264783 -2328
-270468 -16637
-274824 -20423
-287360 -20044
-292761 -28488
-286969 -25457
-273251 -37476
-257278 -33518
-245863 -40025
-257441 -44805
-258859 -58992
-252030 -56659
-244445 -51132
-231644 -63240
-221758 -63442
-219848 -66721
-238394 -85462
-245612 -103238
-241583 -103824
-248680 -89268
-249452 -89852
-256370 -87812
-258410 -89728
-262075 -87672
-282352 -72583
-292726 -88896
-281692 -103046
-265221 -103117
-257872 -115824
-270490 -117818
-275922 -125404
-265619 -129783
-259760 -134746
-255116 -140547
-253864 -142308
-255373 -145110
-243178 -150879
-241571 -149951
-243115 -145756
-237737 -136326
-243255 -125973
-220260 -123092
-204618 -107646
-203544 -118996
-204087 -133271
-197498 -128567
-193237 -132616
-184607 -129474
-167285 -123554
-160869 -127612
-166541 -130429
-168474 -144607
-174868 -159614
-161574 -168021
-143312 -154988
-140898 -160527
-135742 -153048
-137586 -154490
-147529 -147224
-148644 -143578
-139908 -136826
-139230 -128226
-142121 -127490
-143206 -119710
-152530 -122102
-164351 -113823
-156343 -102731
-177357 -108053
-182295 -109992
-183251 -94120
-181704 -90400
-199193 -72218
-210202 -81375
-213655 -78170
-218498 -77308
-213232 -67443
-204355 -56132
-196369 -59645
-184284 -51957
-178790 -68714
-179141 -76865
-161836 -87441
-156879 -75528
-142284 -67582
-167759 -49999
-159448 -45420
-150121 -45904
-143532 -52461
-141094 -41666
-130049 -21472
-133734 -22079
-131793 -26324
-127016 -30142
-124610 -34162
-115512 -31986
-97430 -3501
-103330 -5722
-117017 10141
-120455 14210
-125935 13618
-113918 17781
-104170 8844
-101668 18337
-83972 14855
-82087 6825
-68220 931
-58884 -888
-58397 4777
-55260 11831
-70436 21884
-77585 32579
-96020 35144
-104746 38022
-93807 51484
-100954 53536
-98922 62208
-101806 76905
-100178 86246
-82571 105436
-79538 96696
-71192 104887
-59052 114866
-47390 111660
-43300 101583
-32839 108693
-21341 108665
-15904 111241
-16610 116734
-6638 108040
-1393 114953
11424 131671
9375 138043
1084 141429
8814 155576
28936 135212
23890 136061
29604 142817
30819 148372
34647 158236
35801 158892
51155 151953
70413 174698
67703 176242
68457 180203
68418 180507
62373 171930
52336 173044
41384 183560
36936 181514
55276 184690
63767 193809
65542 195489
47060 238293
39785 242550
35949 237334
22456 233448
17817 225880
18702 223813
24110 217991
23113 217135
26380 206410
5348 196484
10897 187013
12857 180066
4377 178487
-2615 171701
-17116 179853
-18302 179049
-21244 179363
-25921 169836
-26388 166617
-23615 163965
-8662 154958
-18461 145417
-30215 148459
-42515 138145
-46885 147248
-71982 115652
-76990 113203
-82912 117009
-83916 117689
-99848 111750
-99068 118916
-104329 122110
-109726 120605
-117001 122301
-126016 139647
-134135 130145
-141566 133799
-129360 122135
-125522 119610
-119005 111276
-128994 105456
-132649 98882
-139507 100308
-133086 90567
-146021 76510
-146781 64636
-141778 59894
-133253 55949
-140832 52656
-146576 61000
-159037 65880
-161717 69972
-168899 63172
-152438 45280
-153251 37705
-154820 35119
-158193 32527
-161352 36345
-173961 47408
-180603 24035
-180327 20911
-178407 18057
-170236 24439
-159794 16549
-177277 5452
-159991 2846
-150281 -7649
-159086 -24013
-156517 -25844
-157660 -31683
-163266 -33640
-165181 -28516
-168926 -27755
-184316 -37054
-191437 -36710
-198450 -46342
-208737 -34008
-218779 -44695
-219493 -27439
-215863 -22677
-210817 -17432
-202049 -18602
-189122 -20458
-183626 -22065
-192215 -7667
-193758 -6540
-188878 4960
-188959 5269
-187996 11865
-201948 24520
-203770 28201
-210308 38949
-214834 31088
-229493 29102
-227889 25292
-228463 11382
-223835 1368
-233035 -1824
-249166 -1366
-254685 19615
-258186 22460
-257124 25410
-258275 26432
-248336 52745
-263306 57944
-260922 67847
-258463 82457
-255993 93724
-265152 95158
-259210 102336
-257066 102984
-263142 108386
-263857 112507
-249639 104648
-241746 108622
-236669 105044
-235830 83468
-216982 79682
-213436 68229
-222573 70490
-228698 68007
-223917 64095
-225551 56403
-208824 52100
-203353 43782
-185860 61738
-186297 64750
-172411 75303
-176398 85340
-187866 90278
-193127 80124
-205451 94576
-192394 116858
-187707 111284
-173299 111662
-169934 103599
-165523 102486
-162014 93939
-151161 89804
-152361 91417
-155099 95503
-157225 99414
-162714 104767
-158691 106134
-143591 118356
-150507 124830
-149959 133400
-150908 132736
-167804 145163
-190581 132744
-201147 126136
-207052 135267
-212783 142489
-213348 152079
-223142 162644
-229407 132856
-238503 148033
-234103 154689
-241222 156536
-245047 161944
-256527 172424
-252479 172480
-243289 179019
-238900 193438
-234408 209121
-234124 213107
-230674 220187
-224505 205678
-225161 204152
-224290 196526
-220460 190546
-215324 186660
-211110 200121
-208676 206733
-198140 189932
-186520 177617
-187405 171291
-171386 175201
-167611 175705
-164715 172016
-148364 159897
-140001 156639
-138947 163332
-151095 171660
-157298 175270
-159010 186185
-161910 190912
-179666 189343
-191565 203989
-191941 211323
-185543 213755
-192772 236180
-208676 236255
-223855 241954
-231917 237027
-230759 240106
-214634 257942
-210638 262461
-199829 267453
-206443 276851
-195178 282128
-191227 281829
-177928 283899
-167233 282050
-151684 262671
-159458 255150
-160682 258027
-170382 258207
-177126 265099
-184603 256757
-178488 255028
-172862 238332
-173799 234884
-157292 228172
-144793 225492
-138142 207530
-122495 217478
-123702 225135
-119438 226191
-99411 210641
-105959 205199
-116610 204757
-128947 193426
-115176 192853
-110402 188515
-113368 187548
-112141 182490
-107945 177081
-88007 183092
-105169 154785
-83109 151334
-71500 158866
-49613 159379
-46929 172760
-53033 175269
-55808 174092
-66831 190274
-57837 195108
-48919 194706
-51676 199649
-55599 205051
-48978 216716
-71815 204361
-85337 213090
-79113 219671
-70057 219051
-64601 225365
-101211 260134
-99614 252213
-106229 246635
-109151 249808
-114113 244510
-123210 259210
-127650 266203
-147542 280806
-156070 291437
-142603 296615
-134916 295353
-138682 306122
-146595 312106
-152716 311161
-170011 298432
-169423 306133
-172232 306249
-175698 315777
-170857 317359
-160985 325488
-151098 332318
-124334 315373
-130122 327919
-135364 340110
-150223 344053
-159587 347537
-155791 353037
-145531 357583
-150260 374008
-167105 392138
-173113 393879
-162471 406471
-165949 413683
-170483 416712
-182365 407747
-185668 409556
-200720 400722
-194498 386736
-197557 379318
-201962 375360
-188194 364366
-188505 354150
-188867 352907
-200885 345404
-206209 337332
-196802 332850
-185134 330093
-189165 314528
-191195 308868
-204488 327408
-215787 331962
-212461 335890
-220084 349027
-227895 348625
-236235 338974
-239354 353314
-239015 361020
-242406 368186
-239899 370595
-233758 384216
-236878 401665
-219355 404088
-221904 416617
-224352 421981
-239811 413528
-239061 421731
-225066 435474
-248018 443705
-243586 447593
-247607 458968
-235597 465654
-224923 469765
-216992 477421
-211002 479180
-206700 477038
-212825 469569
-212735 457545
-199179 456453
-194290 437835
-196184 428239
-187044 422312
-177551 430019
-180742 441714
-166750 444502
-161104 439597
-159089 427470
-158223 422235
-149171 424255
-142020 416628
-136330 411506
-140593 407854
-149244 406113
-141949 391996
-132883 397551
-118537 384453
-117374 378896
-119851 372023
-118454 370843
-122203 367603
-122653 365232
-125389 353972
-117555 347534
-106879 342589
-88121 356421
-79613 367077
-75867 373578
-65233 356607
-63448 344016
-45100 326571
-64444 302656
-71001 305375
-72537 306616
-76917 311468
-70322 314344
-70032 321897
-72323 329002
-73447 330918
-90915 323508
-94728 315513
-85013 300586
-72509 293292
-75342 283232
-67906 273999
-81300 271756
-66370 257224
-60745 253674
-43189 258270
-37260 239373
-39842 231113
-37278 219527
-34215 214974
-23285 200160
-18586 197764
-15366 199726
-1158 212248
-18505 221446
-22725 222649
-27812 230344
-23604 237913
-19103 233777
-9915 226626
2561 239402
-458 246755
-2249 245730
-11877 251352
-17712 257457
-21178 250159
-30348 261683
-27770 271089
-28340 278507
-44642 276105
-40221 290520
-43302 291744
-44447 292000
-37088 299025
-15816 308556
-26587 316179
-25506 325515
-30781 337344
-25435 337037
-20742 332066
-16903 325689
-14944 331358
-10932 331564
-10624 327091
5842 314822
7983 320687
9866 319753
12707 323279
17353 321252
8561 332618
-2151 341720
19461 359117
20116 366480
6601 366821
3353 376326
-7077 382231
-15953 386313
-15361 379957
-15008 367973
-13803 350821
-24543 358511
-31190 361872
-35328 358114
-47450 380223
-43773 387335
-45488 390984
-49116 397531
-58623 388114
-59298 381779
-70537 391692
-73647 392272
-84587 378975
-89358 389619
-107888 398760
-120115 407000
-103056 414898
-108421 429502
-84350 415471
-64397 420482
-56889 422981
-64355 437183
-76991 454380
-81633 453275
-83569 453259
-88215 461016
-89513 463944
-90780 464105
-85558 471046
-76183 474934
-61229 477384
-60711 479278
-60644 480390
-55837 493403
-74587 494556
-79697 483887
-106450 496936
-103657 475922
-98959 455852
-112941 456574
-126042 458561
-144916 452111
-136202 461312
-134672 464150
-136323 472213
-145631 473878
-145848 472255
-152888 479239
-131681 491706
-134160 497773
-149011 490740
-154431 496540
-164314 488830
-170500 499199
-177932 495167
-187902 497460
-192802 494946
-192929 491585
-172079 476229
-178433 467858
-178982 455254
-192221 477274
-200172 487011
-203561 485371
-211052 485942
-215487 494199
-225455 499465
-225874 498526
-235171 491397
-235199 486368
-234062 478785
-250500 493437
-267361 493743
-276605 491022
-285856 488434
-300761 487893
-299053 463795
-303730 461716
-302315 452973
-307880 451364
-301373 446950
-298538 445197
-297665 440400
-292093 450377
-294616 454703
-279651 442726
-272539 444888
-261133 430482
-256029 414264
-267909 413404
-270983 404778
-276067 412420
-280800 417038
-273072 425891
-279167 422933
-289518 421255
-300236 426613
-304674 417134
-290565 396081
-281312 389970
-282012 370675
-258434 382684
-252478 387864
-249408 384096
-252381 370105
-257505 349282
-267132 350097
-272572 352024
-279656 343886
-283417 333378
-272802 328754
-266169 337341
-260414 320298
-242437 311855
-238083 299855
-229163 295466
-236981 283201
-241322 275445
-243995 271663
-256602 254322
-257910 252175
-261166 253401
-271133 256751
-284082 262746
-294948 266327
-301119 268499
-294596 283037
-258172 288211
-269616 307204
-273479 313113
-280065 313667
-283316 321305
-300468 314213
-312132 299033
-321069 295926
-316819 311253
-325798 313853
-340812 309880
-332442 330537
-323021 356832
-315827 365404
-314457 365974
-321975 379913
-329083 381280
-334436 382007
-337091 375942
-346713 385069
-331291 406852
-334207 414692
-335446 417585
-344461 430528
-350328 419580
-347058 417197
-343535 407466
-361954 407289
-369840 403309
-381741 395101
-387944 395047
-378970 400630
-383199 407385
-383647 411886
-373509 417507
-370065 434524
-353921 453753
-341390 448739
-319690 483016
-322338 488399
-324621 491297
-334279 495526
-346976 482637
-346808 481597
-348998 483534
-351760 494268
-365865 486440
-374043 478531
-376289 482713
-385038 489181
-378441 497946
-411114 493154
-417696 489342
-417833 483270
-415251 475087
-415394 464886
-407275 474020
-404248 472389
-401356 467281
-399613 473159
-385762 464226
-380642 461547
-392714 450753
-411343 440650
-417322 442959
-412806 429158
-398517 431780
-397866 422111
-404476 418148
-406756 420459
-411758 417100
-412300 401403
-421630 410364
-433785 421525
-439335 396842
-444273 403610
-440910 406079
-448732 412306
-458920 417692
-465386 408707
-465724 419085
-457646 440828
-448570 440951
-442945 459202
-452572 461683
-450987 464714
-456630 471667
-453587 474369
-450758 482080
-470225 476470
-472078 487352
-486559 496880
-486656 492145
-495834 497142
-489979 480826
-493586 467090
-491253 455353
-484174 460677
-482950 456398
-481971 455070
-485736 442378
-482391 421174
-486737 418753
-495104 414233
-498386 414092
-475012 397700
-475168 386715
-479067 383925
-497039 381531
-480830 362539
-478067 353592
-482390 346761
-478041 343243
-485101 337334
-476311 320666
-462462 334161
-449345 325699
-444254 331181
-437425 337282
-452869 356156
-433692 345567
-429256 346554
-414860 345155
-419076 357326
-417468 364740
-428667 369335
-430682 369297
-443963 379054
-419507 385779
-402424 379790
-404505 368721
-403646 364641
-400564 358683
-392234 357066
-380634 363573
-386826 373155
-382641 376693
-370397 380404
-365543 382995
-358400 386094
-367767 372363
-368558 368496
-363186 372258
-355689 364384
-341351 345554
-346124 343790
-356991 350985
-368633 349967
-379882 353039
-386149 348025
-396808 338742
-395846 328951
-398629 325938
-403267 321875
-416935 315674
-421030 304664
-430168 294698
-442587 305142
-449808 293183
-469741 283648
-488036 302439
-483840 290987
-470148 275153
-477573 266545
-493686 263441
-487615 256716
-495377 248490
-473401 255437
-467665 256224
-458839 262575
-452590 277001
-440078 264596
-439842 261700
-446514 246148
-441509 236984
-436399 245562
-420532 273559
-420242 268656
-417790 263205
-414680 250416
-409828 252899
-406775 251517
-399151 246635
-395701 246264
-383004 256733
-377985 265474
-366517 273278
-355096 269803
-357671 274725
-367561 282094
-398444 268790
-403741 269552
-408137 279518
-398671 281706
-390822 298397
-389117 299175
-381464 299553
-367394 293192
-367309 300262
-360176 312172
-350091 295157
-341231 284599
-324861 274809
-331073 266620
-330605 254406
-348656 256051
-358522 250612
-368846 233565
-368645 226882
-353810 225527
-364589 211673
-376384 217029
-386782 213850
-387922 227333
-386681 234075
-390035 229046
-391236 226942
-393914 227174
-397282 224557
-398201 223825
-406070 208456
-412078 208038
-415404 204789
-424233 201622
-433813 183780
-448998 174726
-457915 168204
-458079 173028
-463613 180203
-459005 192609
-450592 213654
-492222 219839
-481127 205972
-491101 188386
-480408 186972
-499826 150229
-491240 136731
-471231 138218
-466430 144343
-463538 142285
-459292 142150
-437922 159593
-427080 157516
-431798 144809
-438487 134468
-443759 136535
-460085 130195
-451043 121753
-446535 118904
-448308 110596
-439908 97817
-432225 90998
-444824 78531
-446309 72064
-457222 67808
-458322 76164
-450351 93389
-457669 93739
-466706 87366
-475359 92391
-482834 104174
-498598 119423
-496522 105254
-493256 97767
-491864 86833
-490918 80873
-483427 81625
-496506 66427
-481621 70989
-466329 51272
-470462 42003
-461271 30739
-485602 37570
-496071 27428
-496868 22979
-489743 23980
-484409 21106
-479815 17515
-483343 17702
-493311 12095
-488513 6270
-482228 5394
-479661 4763
-477637 11189
-471898 4957
-467471 9134
-454031 -11659
-455738 -7131
-445783 8589
-438996 -1708
-433660 -1661
-424300 871
-430234 -8339
-434989 -9498
-452372 -27292
-450975 -31504
-451121 -31802
-446032 -40880
-447402 -50689
-437100 -64219
-435988 -76681
-453281 -94321
-457388 -84864
-457370 -81988
-462272 -72476
-467994 -54889
-478458 -30326
-488703 -53307
-476863 -73878
-478211 -90788
-496903 -83638
-498722 -91123
-499981 -112433
-494853 -135960
-489279 -145322
-485532 -142286
-482270 -143655
-476605 -158140
-465391 -155270
-463785 -168319
-473918 -168655
-485138 -175368
-480126 -188741
-462678 -186416
-488507 -211574
-478820 -228280
-479970 -240669
-483809 -242342
-486345 -237474
-495345 -240838
-486787 -254432
-468911 -246055
-467135 -233743
-451957 -222232
-442682 -223575
-441769 -226592
-453204 -245599
-436991 -258015
-445249 -254236
-450422 -258564
-478224 -286349
-458121 -290725
-458239 -299625
-464015 -300443
-463851 -309538
-453389 -321516
-472493 -308088
-480668 -305527
-487398 -316946
-474251 -327389
-472576 -328664
-473190 -340298
-467995 -343465
-449993 -356350
-450314 -345368
-444271 -344352
-427234 -339240
-435755 -329359
-428579 -323346
-415853 -312354
-410774 -322850
-401850 -325360
-402407 -305170
-411088 -291325
-413431 -280200
-425474 -290227
-423062 -282808
-428579 -279914
-429693 -280789
-414184 -265742
-412388 -260154
-409890 -260210
-399724 -263874
-391011 -268410
-384644 -255226
-376617 -251537
-355191 -236983
-356740 -226365
-366934 -218459
-354124 -203337
-341435 -191063
-352893 -176978
-355233 -177947
-360459 -174019
-354568 -170070
-344811 -156200
-343217 -154563
-342302 -153205
-331799 -140547
-330070 -143062
-325142 -143427
-297627 -163245
-294301 -179809
-306451 -194806
-286457 -205873
-280567 -202495
-276695 -198644
-269400 -193365
-265773 -191666
-269486 -198290
-268475 -204596
-261031 -209015
-260309 -206663
-244716 -222622
-265718 -230131
-269183 -240494
-259470 -239915
-256361 -249121
-256385 -256627
-252035 -263171
-255168 -272430
-235625 -289730
-220198 -290376
-253762 -322938
-259728 -292985
-261201 -293693
-270353 -297551
-279871 -302201
-280548 -308839
-284813 -315344
-291784 -310717
-299023 -320130
-305637 -324594
-312785 -315644
-326569 -318518
-326349 -332890
-325753 -335539
-323142 -338688
-317617 -345008
-330691 -354219
-339187 -350490
-348939 -349524
-355023 -350885
-352543 -331364
-342955 -330518
-357396 -311674
-344982 -305402
-339165 -309542
-341763 -292803
-323290 -287958
-324543 -296477
-317326 -301606
-313601 -298267
-311958 -290181
-303474 -287177
-301373 -295928
-295116 -292910
-284093 -278047
-268499 -256118
-292486 -231612
-318324 -212260
-321113 -199832
-328122 -201365
-328850 -206363
-335509 -208407
-324754 -220920
-324007 -229424
-337513 -232425
-344084 -233228
-341245 -253273
-332218 -252100
-323461 -251780
-299189 -258646
-306210 -265642
-308539 -271130
-303022 -275578
-318794 -270622
-326997 -266405
-336123 -271381
-339827 -271177
-345965 -268699
-355804 -265421
-375748 -265973
-375943 -275384
-376420 -292498
-363109 -300307
-374010 -313461
-386254 -329054
-378853 -332276
-387645 -340238
-385458 -343117
-380093 -347206
-383586 -352353
-403100 -340196
-411302 -356983
-417882 -365971
-429605 -365066
-448979 -381670
-442562 -374049
-442232 -370684
-449787 -366183
-459576 -366928
-463040 -381046
-473025 -387870
-472864 -380445
-477919 -379058
-488999 -367534
-491849 -381114
-491734 -383185
-487887 -397681
-468246 -412441
-444359 -400317
-446171 -410409
-443010 -416777
-450514 -420423
-463578 -425122
-464603 -439436
-468907 -447939
-470877 -449297
-479239 -444552
-488442 -443680
-499263 -432468
-499042 -445107
-485583 -478961
-489138 -474683
-492723 -476457
-493709 -479667
-483875 -493867
-475824 -486256
-470486 -481009
-443583 -497179
-444312 -482990
-444762 -463148
-458397 -459603
-457344 -450831
-460920 -446864
-443429 -441507
-423300 -436499
-400309 -421688
-413177 -419031
-417366 -414456
-422630 -417944
-421398 -410625
-426157 -405234
-403344 -391830
-388124 -379920
-382433 -382240
-382869 -402131
-367634 -403703
-361241 -389946
-371887 -378542
-369719 -378132
-357041 -377723
-355977 -366163
-343429 -369840
-345102 -373971
-339554 -382223
-349095 -392541
-357096 -411388
-355031 -408478
-347272 -413916
-336321 -397401
-339161 -397749
-327289 -410718
-323731 -398497
-321418 -392324
-309328 -357388
-307551 -343480
-299655 -349806
-292750 -346524
-287153 -333391
-285376 -331260
-271509 -356375
-274383 -362168
-260210 -370175
-255095 -383670
-270918 -384933
-276397 -397925
-275874 -398530
-273648 -407948
-292303 -401859
-295755 -406559
-288678 -416069
-297725 -423706
-279202 -428636
-293354 -440176
-302785 -440346
-309744 -438451
-328842 -420505
-337204 -431606
-338761 -434572
-349648 -432852
-357688 -447493
-377206 -428989
-389152 -438744
-407379 -440403
-421564 -453789
-429454 -469248
-431744 -470697
-426729 -477296
-415384 -472090
-406011 -460706
-388409 -474148
-385109 -476315
-368320 -494754
-362889 -480569
-373391 -462441
-377843 -461840
-374379 -458028
-364184 -460245
-356245 -459586
-344426 -470075
-336321 -474618
-336268 -467125
-323747 -464928
-317367 -456379
-314664 -467561
-322107 -488131
-311969 -481157
-305762 -478375
-290560 -495083
-284152 -480524
-284083 -469325
-283272 -462941
-278163 -461912
-268818 -446413
-250609 -464630
-254610 -475629
-255470 -483299
-234629 -498299
-212103 -488145
-205375 -487170
-189681 -472306
-202698 -460801
-202362 -457071
-216330 -436116
-230018 -447904
-241030 -439745
-242060 -443786
-256601 -427081
-248274 -421002
-245375 -416886
-249404 -411263
-250254 -407983
-238692 -395349
-236235 -383711
-231522 -378742
-235950 -373088
-235034 -359113
-223976 -355185
-208651 -358850
-206054 -351082
-215006 -346476
-219496 -335593
-202873 -335758
-203721 -326507
-220344 -308519
-213258 -310048
-212984 -305778
-204511 -295439
-188352 -307242
-184499 -311449
-190824 -312514
-187289 -324787
-182521 -322651
-174938 -328584
-192676 -346701
-191885 -347135
-179634 -370229
-194930 -366945
-196019 -375647
-199796 -380529
-207971 -379162
-215903 -389474
-201127 -405972
-194823 -397351
-188672 -395134
-178402 -386681
-176132 -391124
-179809 -421886
-173842 -434368
-191408 -437057
-196546 -444094
-192855 -444582
-189272 -450925
-177379 -451959
-154990 -470799
-148259 -468243
-156942 -489989
-142125 -486075
-135209 -482184
-120799 -469106
-104177 -462511
-94328 -462059
-79690 -473592
-85568 -494586
-70101 -494265
-62539 -474805
-58666 -470474
-78358 -448533
-76734 -451052
-72357 -452251
-64453 -442796
-51591 -433067
-52196 -441869
-42758 -449390
-49324 -452007
-31892 -469224
-43527 -470780
-36963 -478429
-27473 -481479
-7046 -490853
-4590 -480364
11507 -496793
33545 -497883
25611 -491381
20813 -482506
13696 -484137
25784 -472817
15054 -457437
12517 -448005
-2765 -456959
-14894 -451232
-15963 -434143
-25619 -421983
-11751 -425303
-2035 -421682
6669 -435538
16526 -427221
23389 -430396
32845 -436333
35539 -419182
40058 -421176
43497 -414419
56321 -411366
61947 -412226
64842 -412438
67445 -410336
75552 -397559
87763 -392218
90185 -396340
96825 -410313
98130 -422784
81753 -425383
65276 -434866
74429 -446048
70776 -445736
53524 -454577
49095 -460356
44234 -467995
49406 -473396
50640 -485777
49399 -497493
61019 -484838
75755 -496483
69602 -483878
66997 -471091
76326 -468429
92580 -472751
94370 -472759
115870 -499593
100970 -491921
106983 -481267
108515 -468775
102502 -464972
92471 -444570
108356 -453659
116622 -462912
123405 -459716
130053 -468556
129354 -472506
140287 -483100
141133 -487990
149790 -454231
159775 -469319
160380 -470140
178989 -490506
192047 -491649
193799 -481974
191166 -469955
195802 -469250
186998 -457427
195136 -443917
203883 -432604
188350 -427901
196080 -422467
207805 -410042
213957 -404253
214763 -403755
222061 -402314
220531 -395062
225751 -387807
233442 -393396
239247 -398045
230378 -410990
235202 -419452
255470 -411166
261431 -412661
272976 -397677
265324 -392299
264579 -375406
280140 -365865
278797 -368999
278079 -384857
281022 -396749
289059 -400460
296143 -388768
307810 -380328
311262 -386494
315634 -391937
295029 -379181
292856 -373255
292320 -369038
292971 -360883
304479 -367153
312958 -361742
308953 -358160
301045 -330541
288347 -336888
285806 -343958
282453 -341195
265465 -346068
261379 -341120
258264 -332822
241669 -349839
235992 -371911
228918 -371226
194727 -404895
170221 -422604
170535 -412791
172347 -400517
182356 -400327
187285 -392675
181980 -382214
187798 -376174
184538 -349949
172922 -354046
176719 -360916
175535 -369260
166031 -378792
151293 -394438
143870 -425423
139350 -421301
130732 -426059
123286 -441989
118261 -439897
109977 -439289
122050 -431260
122584 -423282
127935 -415284
128579 -405571
118275 -412067
117760 -406317
118059 -399435
108811 -394591
104834 -389417
123337 -374877
120484 -371755
122801 -365839
129585 -358032
135630 -360212
147586 -369772
149822 -358206
162077 -335721
142054 -328388
141067 -334640
130462 -337224
130435 -341752
116979 -352795
116705 -337876
126990 -323523
124085 -321376
111602 -304687
106740 -308574
90601 -303468
91655 -271180
98570 -277608
103116 -283092
106320 -289025
111638 -287264
111072 -288227
113633 -296387
116508 -302291
119574 -304943
124121 -300668
128333 -304172
138656 -292048
145396 -286898
157274 -304455
189629 -273160
183098 -278038
191897 -292538
193088 -301074
187774 -304135
174843 -310496
182312 -323339
179319 -331621
183514 -337375
188229 -340922
199087 -336315
200628 -347697
207396 -356264
216408 -352904
218460 -339656
225310 -324099
230582 -323726
234171 -323547
241642 -328975
248665 -315919
266287 -312028
258404 -293568
274838 -293332
283098 -290194
284632 -285109
282051 -281765
291788 -292732
313439 -316950
308459 -312988
312102 -305484
302114 -296218
296087 -280303
287096 -278150
280125 -270762
262670 -278666
259706 -284337
248044 -289169
246708 -286647
240966 -283782
220258 -280814
238546 -265519
237125 -260189
242078 -248865
251842 -247376
259847 -242548
265103 -242646
267935 -242821
271169 -238329
275124 -224221
281072 -214828
275092 -212120
263226 -226110
249359 -225442
236352 -227118
228496 -231722
222998 -228343
222694 -229612
232990 -239915
230697 -256180
225792 -256200
219307 -249928
198385 -252979
194934 -245075
186147 -242560
196223 -237578
207222 -230048
206769 -206308
222384 -193692
225021 -200298
235111 -190923
237104 -191078
240886 -202864
219803 -184521
231211 -171646
228720 -165538
237140 -172246
249638 -159995
247074 -181839
258988 -185837
259351 -196722
262123 -190738
264320 -188919
266796 -183969
278154 -185246
281513 -189884
283039 -193961
290934 -181185
278437 -167676
289340 -157196
283161 -146985
262366 -150126
257683 -131712
264756 -109993
267033 -97208
267425 -93011
270893 -89991
280918 -77492
283254 -67424
282719 -64072
283866 -59667
295980 -48018
300351 -52377
306949 -46665
312948 -49446
300921 -64316
294349 -64780
304693 -76939
302605 -92238
298282 -100360
297174 -110581
288640 -126719
304678 -123836
316999 -129501
318840 -139629
319927 -140468
334300 -142981
336647 -133335
331607 -127630
332000 -120753
313341 -106011
324790 -95311
336633 -85773
350737 -105458
341035 -124067
352627 -135894
366349 -129027
367660 -128354
368777 -134649
366934 -136424
371412 -151722
363996 -151168
340890 -159325
343059 -165508
347192 -177035
357626 -183145
351899 -185782
362056 -198299
354236 -205412
354305 -200205
336904 -211051
333004 -202445
330746 -194414
321573 -183086
319042 -179027
319254 -172579
325605 -172413
316493 -183310
299424 -199477
300636 -198550
303867 -197008
307255 -196593
317391 -207149
318959 -213320
294788 -225839
304087 -238553
308268 -243839
317823 -233461
303494 -260493
322835 -257059
323845 -248197
333051 -255628
335002 -245609
327454 -232948
336106 -226750
346499 -229617
360441 -229318
361267 -241025
366911 -240114
366603 -242689
368604 -243780
373118 -255795
373394 -260394
376474 -262633
380184 -263945
390229 -254838
396805 -259682
394572 -261883
384292 -274675
371868 -275714
364996 -262583
357430 -265811
359237 -270071
354218 -282889
364538 -292669
366117 -302066
353118 -305258
346385 -305111
339370 -320222
343793 -318370
359505 -322801
364381 -316816
376644 -327801
382322 -327669
377527 -334808
373169 -337889
364589 -339492
361694 -339589
353011 -338051
348897 -347183
337886 -339640
322792 -338229
334953 -356127
344110 -368295
347894 -374398
359948 -361807
366188 -371693
370001 -373985
374004 -376571
379303 -366590
386085 -367862
375324 -381569
371613 -383493
362838 -401558
357064 -404756
364508 -413904
366294 -431957
366600 -435219
375767 -456143
362395 -467402
362793 -472813
351293 -463324
348322 -458343
354818 -450158
351643 -449055
343614 -461241
336062 -453317
323021 -455148
323671 -449573
339280 -440240
335233 -432462
342991 -418926
340597 -410698
325028 -406668
322362 -417106
305906 -403415
303841 -416590
302127 -417472
297640 -423203
295045 -441870
297787 -444991
267596 -450856
261960 -471882
249448 -461048
236640 -446436
213386 -480367
225501 -487738
230892 -490644
227772 -497691
240004 -486806
245719 -490775
249561 -493136
256369 -491062
271141 -475777
285868 -465796
296621 -460726
302168 -469996
295263 -484702
303149 -486671
298967 -497148
315529 -485035
325988 -468532
328044 -475279
338205 -494751
334003 -494967
343055 -478359
351871 -481815
366684 -490478
373947 -481830
371842 -479098
381192 -490543
385615 -487993
392177 -496433
398216 -492303
403690 -492926
405007 -484295
396669 -480580
408169 -474434
426518 -485672
435803 -491690
441857 -485233
448436 -496653
460033 -497414
462674 -499613
470215 -489504
497580 -491091
497840 -474079
479870 -475125
468165 -482263
461165 -485083
459945 -480076
461998 -471025
449310 -471547
437538 -474945
437102 -465126
435230 -455745
428985 -448344
417350 -438964
404749 -451433
404373 -458793
378231 -433757
389248 -418800
387114 -412915
379189 -409607
379968 -398919
387603 -395055
393670 -398449
402450 -403640
407170 -404489
418146 -407053
424693 -412355
435632 -416939
444522 -422542
451258 -433554
455114 -445914
466954 -458702
469854 -454840
469025 -451366
475198 -448272
480895 -446319
495335 -432204
496812 -431292
499325 -410747
493436 -404626
493751 -399618
497986 -398291
489835 -375492
487055 -366636
487664 -353216
481185 -348805
468249 -337151
465858 -338244
466017 -343571
461352 -346620
466592 -358318
456848 -364077
444801 -353145
435216 -362851
435269 -354122
424292 -344560
414558 -336820
421010 -333983
419839 -329913
423600 -328983
425656 -333101
431323 -333640
439310 -327506
445084 -317870
439620 -307833
441235 -307941
449427 -313508
458567 -322815
467859 -317620
468883 -316636
477388 -318088
480406 -316634
491250 -327907
487100 -326520
480748 -332190
482455 -333636
487651 -339371
495807 -349607
479866 -367733
467752 -377524
463326 -384152
451306 -379231
472223 -406305
481488 -414067
479371 -428093
460628 -425108
453807 -420625
450839 -409892
453690 -400435
446492 -397052
430985 -388967
424049 -395715
418392 -391742
428898 -379805
424649 -383911
420372 -383030
403013 -376932
401675 -381368
402681 -382692
391034 -379063
394559 -368166
399781 -357796
390808 -357186
392701 -353622
393613 -351835
386756 -340687
393514 -332286
397200 -327392
405910 -308279
391937 -314272
380694 -313239
381185 -305325
385364 -299514
384138 -295238
391387 -295839
392293 -295835
394722 -294660
397660 -283791
408504 -272070
425705 -277175
428500 -276062
430052 -290924
460311 -292278
474324 -299493
480332 -301585
492783 -292756
486089 -284939
478241 -287879
483505 -273378
478174 -268520
469547 -275890
454276 -271212
461713 -255245
468466 -235840
493883 -245920
486484 -229488
481001 -227933
475700 -221307
479832 -221322
486062 -211875
493093 -210459
495205 -204490
493240 -205399
486642 -201253
486346 -192312
479300 -194203
476322 -195203
471838 -196187
468800 -192371
478700 -186471
495858 -169831
494819 -158062
496296 -155957
496311 -129800
486775 -127785
468078 -121423
482697 -133866
479609 -138097
474711 -144518
470693 -144988
468534 -159360
440968 -156729
438094 -157347
435904 -155028
432514 -170304
429398 -182584
432691 -186771
429004 -194976
430302 -205216
449080 -194712
460102 -195951
447743 -209287
450286 -217026
455535 -217366
464092 -216393
458586 -222808
457653 -226741
449188 -235122
449022 -227021
442463 -233532
433421 -231173
423626 -221449
423645 -237462
428985 -238970
434831 -242805
439792 -251024
421568 -249026
420538 -248102
416356 -236927
410822 -232628
407266 -235670
396131 -227907
390746 -227420
385209 -221349
381002 -219883
377237 -213815
367097 -218988
381967 -203075
380230 -192972
378702 -182580
394895 -197000
404113 -199943
410996 -198588
409983 -188346
417810 -187015
412526 -177316
410460 -169244
426258 -153380
414168 -149262
413425 -142899
396138 -145932
403481 -136159
409811 -123342
392901 -125181
392792 -111011
392059 -109520
384630 -97494
374525 -78734
369610 -81702
360623 -79113
360434 -76706
355902 -75941
350467 -80409
347058 -80247
335739 -73489
335453 -75586
325067 -69112
332617 -53140
349179 -33375
357329 -28598
346589 -20424
334445 -10941
339990 -11125
360903 -8010
352834 5721
358211 18162
365367 10626
377392 19161
373715 22467
359280 37541
361220 43339
368525 45181
375862 37131
384910 35228
384439 50055
378272 60866
384212 64442
396079 66017
400257 68375
409126 61052
426684 61017
423929 56694
413870 46341
416150 41317
416885 32900
387193 14656
403813 3078
413507 4638
394303 -13895
403468 -22873
386743 -27968
386328 -36162
371256 -28382
367484 -25239
365913 -44313
378741 -70032
394917 -79728
404552 -94289
421358 -107979
427646 -103426
425163 -108602
424901 -125805
433716 -117456
434361 -118220
441085 -118900
453909 -128650
454818 -119349
455227 -114555
449067 -110643
449044 -106851
451034 -100460
450768 -93327
458336 -85987
466302 -84887
466652 -81727
479696 -89400
490805 -94088
495106 -81713
483546 -59314
467115 -42182
462573 -55335
463745 -59160
459336 -71685
448665 -68695
444055 -75968
447017 -77485
433226 -94773
429991 -85848
421565 -84781
424871 -67997
407505 -64756
395771 -58417
386981 -55840
396192 -44386
413339 -27228
417361 -32440
413534 -35723
430640 -53875
441624 -51825
440200 -29611
440318 -24902
442136 -24491
431130 -11426
423970 -7761
424802 7284
430684 16558
435231 27654
440251 24342
448929 26040
442341 11537
445771 3827
442406 -252
449899 -2302
463297 1883
472257 -9294
478394 -13350
463535 -24400
458986 -27402
483885 -25736
495306 -13523
484399 -1628
478801 -3922
467710 8085
469019 13350
497682 26716
491672 41306
483316 46591
467021 37960
474508 53593
475047 65734
465336 73249
460162 57820
441270 80735
430028 84697
444302 98348
474918 97844
468776 110622
472931 109109
476769 114422
475888 118565
495820 102335
498922 103223
492263 139143
491064 138431
477975 150449
467058 151956
438414 136301
442990 117915
436491 116736
415860 133769
440408 162488
429519 161005
425585 157432
418298 168209
437909 186363
441348 192144
430080 200679
426986 198761
419503 190218
419210 205604
412794 213826
413645 220091
422663 220015
423508 224751
427415 228663
430306 227668
396758 191116
381962 194690
375168 202607
384301 207319
383068 215968
377979 214221
356099 231149
349074 227995
343702 236999
344662 238258
343035 242982
341197 244354
343989 248349
353920 260170
346303 258247
332390 243150
324957 240825
312455 260627
293863 269126
297658 279157
295435 291202
304346 286677
307140 284175
329515 294773
325034 301115
325789 315088
335770 321043
348122 322900
354599 339843
347953 349538
354343 361416
372668 369391
364733 375845
378650 394902
389579 400500
396299 393544
404914 367936
398286 354576
399180 352302
382277 352115
375198 347549
375517 327729
376394 319268
372073 314125
363713 301892
359240 293170
362797 292278
361543 287681
345358 300937
341584 301811
351016 284897
355127 277559
356146 276627
369221 281496
373521 283371
384086 296945
387333 275098
380112 255202
384679 254395
380496 236661
407828 256053
412929 255042
414717 250414
423118 242293
417411 237807
422007 236978
429023 241971
452574 244618
464241 243807
473146 246825
480975 239508
452684 214191
457809 213576
469380 209055
466549 197856
462208 191615
479276 191162
478831 196623
480965 196320
486388 193820
492570 183818
499838 187811
494332 190657
497052 198457
496420 211053
489154 220725
480412 223787
487881 236604
495788 245165
492659 248764
491599 250199
487751 265690
486054 283009
492129 292788
489472 294317
492426 305917
491576 312714
483499 308345
478078 319238
455416 319246
462179 305100
458524 299809
460965 296592
450049 302642
436589 289306
438244 279103
440256 270683
429611 264108
433161 271285
427915 280543
417026 287335
427326 296605
425275 304437
412350 319406
393209 333779
403759 338662
407057 343781
419711 343445
421764 343949
423775 351358
441577 351527
447692 368217
447140 376456
456309 374715
466040 375317
467958 373172
476048 370392
477754 371914
468164 357768
479353 357774
485848 361899
491671 370906
483126 372241
485038 386032
491702 392206
497619 409307
487447 413050
480339 416573
498561 426913
498607 426938
497956 454945
484305 451379
480546 453623
464347 453442
471102 459658
471536 464297
483055 467250
472817 476634
479468 487054
489336 498577
476179 498998
471164 486095
463326 476820
446210 496370
450679 487698
442658 481913
433220 490993
430253 482968
430508 481952
419756 474845
410709 464911
403038 456787
409501 452211
413130 455247
420553 456956
429394 453242
419928 443595
426303 436966
430297 428674
439681 423406
453110 411137
443898 400482
454328 402448
462067 397766
470445 406577
471483 398764
468211 387829
457595 389044
448898 383946
434873 386276
431228 381460
412855 390695
416726 407726
404790 421394
411339 421244
411718 422396
417748 431432
408942 436563
408207 441254
379767 419534
370542 420369
366901 412983
363847 421720
356684 423930
366134 436604
380883 435921
377287 439723
372842 449295
381457 455963
387899 456815
394008 461483
389645 466063
382806 470055
381005 471799
377208 474124
380178 479955
385123 481962
392760 494948
381000 497869
378181 495772
368657 495440
360469 491046
343612 495303
331519 481099
339308 477118
344558 472644
349905 458767
338318 447634
336938 441969
337216 426197
341338 417617
330928 408856
331480 410841
327954 417196
309360 401551
309673 414309
302044 426752
313119 429300
310734 449432
324779 465162
307775 471593
309201 477149
315282 484474
313906 488298
302981 494994
290950 497891
290744 497372
292559 479101
305219 463373
292899 469858
282778 465713
283651 464954
280112 460096
288767 439923
283891 439849
276397 439502
265785 447730
259640 466975
269921 485235
251848 497395
252320 490304
242600 478694
228726 482843
235114 466394
221912 455310
232297 437008
235607 434857
231803 432773
250179 413751
254895 426215
263513 426747
267639 421046
271508 422121
278868 421183
264576 408095
270447 400498
265794 396323
254637 396083
245589 398624
258587 378129
267074 387061
275054 386272
277266 384246
287882 373798
274309 369357
297969 393827
316428 383248
324135 388236
331835 383088
331350 386979
344257 398805
358941 388885
351424 383313
352022 373338
331396 372049
333642 357430
321224 346810
303887 340558
311011 352812
300439 362916
288255 349755
279842 342282
278739 334557
275195 329574
282799 325405
278403 307869
274076 310772
267205 307629
264725 307803
261377 297814
258667 333892
264022 342749
256709 349623
240961 346999
235831 341964
228239 347161
216824 351243
233203 360193
230457 373677
223182 374914
215667 382712
209505 387644
208895 390081
189052 378595
187261 373554
192151 368316
195019 368820
202293 357201
196794 359124
172253 342749
164106 377179
168301 380008
173513 380890
174021 394671
185337 390364
190314 394166
210631 414256
193548 412418
176061 429514
178872 429813
179654 439315
185500 440797
188282 443417
193266 440007
181296 454876
174619 454155
169867 472120
173777 470980
179402 474811
189804 481099
190220 475631
190005 470218
209017 476040
173452 495301
143388 486261
139461 488138
134093 491842
118412 491356
122621 465936
119003 456807
130438 458527
138170 465129
138825 458402
156722 450644
140105 438787
143042 434064
153884 439367
162147 427801
154811 419749
158343 410004
147346 413950
145643 415545
142200 402075
131884 403760
130005 411140
120179 422694
117113 419307
110503 408258
117256 403032
134606 391215
137749 375612
136493 373570
134362 376002
129914 373575
132060 370206
126145 358445
126148 337276
137489 334319
146029 320438
133682 321533
128004 309983
133106 308548
131010 305598
136219 300115
146552 305074
164401 322386
170152 326910
188296 309194
191478 314038
202131 320778
206219 305863
211677 297332
220612 297500
229339 323041
235611 304199
237803 299090
240174 294544
253030 285481
257650 276005
261625 281809
268116 275357
268107 274174
280908 272537
280153 258752
275157 237681
280433 236856
298210 245235
305164 234929
291908 226464
302993 216175
289897 214903
279519 208599
270657 190231
278859 192942
296340 182568
290162 175637
305282 165542
301212 160983
304144 158726
319266 153035
320805 167824
314143 177873
317172 187780
311744 191466
311147 192442
304884 197489
324454 212411
323891 222141
330815 224246
334962 208969
325954 199174
339399 198944
341160 201262
342568 203303
358648 209176
341228 172327
344608 166369
348097 161084
351549 157916
365781 175408
368381 163803
387101 163266
390164 163056
389141 155925
379375 142460
382246 135119
389080 131869
393194 125368
391680 125143
380594 123866
372877 123522
380798 114371
380593 111087
387518 104133
388507 105332
388063 107442
388309 112310
397189 104460
405073 88425
414099 84098
401390 76815
393567 89875
386324 89996
386555 84725
386589 81561
376102 88039
372170 86841
356901 97910
354440 105724
354437 129880
353616 145034
352186 143658
339028 134418
321264 132141
321152 133718
315587 140979
308033 128947
308637 125581
314483 121572
320268 114527
320997 108371
321870 105183
324994 98877
325665 94376
337200 106863
329493 96653
333329 92069
338663 89004
336259 81359
352762 76628
352761 74626
339986 57970
333830 46771
346494 33153
345307 27911
343980 27447
330323 21708
322501 26742
317009 28547
320211 33527
327949 44170
314873 48902
296463 54343
300759 49434
294214 42755
283039 39273
283281 28569
298743 21509
303612 9701
309628 -1506
316536 -630
300393 -17175
302042 -20671
282588 -32998
271014 -19893
254671 -1628
261458 6483
271254 7470
276315 16831
273464 16994
271512 18293
254776 15262
237476 -9135
239737 -19728
244346 -20523
255121 -32139
255432 -27466
257411 -26228
258201 -20759
268405 -32722
256089 -42121
261485 -50252
257941 -65680
249266 -59878
251156 -54632
235832 -50345
233230 -65506
246004 -70957
254322 -79586
250142 -85806
246945 -98542
227690 -89320
221176 -79793
220986 -69261
225293 -61098
221624 -59217
220949 -56649
213814 -54064
199694 -67678
198682 -70599
210376 -86180
198471 -79007
175219 -57699
179733 -68137
173135 -76254
180512 -89208
172553 -90043
163409 -87949
157024 -96822
175358 -107702
182379 -115940
186281 -114095
192254 -107083
189035 -100901
195293 -100284
205001 -107474
215558 -114916
222578 -104259
233611 -101419
247316 -114369
241722 -111475
237229 -117705
234247 -116777
240052 -129825
239225 -133842
238099 -139470
217324 -134957
214293 -157252
211047 -157057
199370 -159925
193412 -148320
201139 -147492
198224 -138904
193454 -131604
190881 -123026
177855 -127137
157846 -128724
140238 -127933
130756 -132799
119763 -130349
115763 -128612
121013 -122795
110041 -109594
116762 -100293
135783 -91532
148977 -80054
129355 -69211
128076 -73957
112596 -60831
129774 -58624
134400 -55475
131633 -52828
134158 -45050
149747 -48228
162405 -35141
146747 -31456
133346 -34686
125406 -29770
125128 -27462
127409 -13305
128718 -13902
135547 -8090
155412 -11974
155494 -17168
163890 -11894
170917 -5356
176354 -17701
184432 -26078
192522 -36887
202018 -17073
194739 -11140
204569 -2416
222046 -7444
232656 2235
223445 12017
231581 19161
215480 27426
215293 44277
223475 60727
242905 57728
241108 38661
263718 38751
265410 40000
277242 52347
284031 52433
280204 57780
275328 67627
266886 60754
245336 86200
229432 83735
216472 75790
212599 62137
204717 62729
201115 60618
203570 68010
194791 76448
192939 65169
176235 79259
162554 88566
165565 85197
175459 69654
172799 58130
180010 48708
196029 29669
198329 25076
197997 18180
193269 14491
177261 10960
171872 24479
166349 24912
153246 8875
145431 18165
144315 22943
147196 28350
145107 29992
148556 41440
132832 30774
130586 21300
126340 14673
122729 24003
121204 23917
121551 29527
104368 18444
94018 30342
100001 37872
95863 47414
85518 62030
81639 85851
96157 100656
108766 93452
118011 100500
121050 97024
125642 96452
128261 68794
116544 68592
114193 64443
106972 58665
101216 63387
100486 56476
104370 49816
110749 50444
115170 42495
117911 40230
122864 52720
143164 60958
148409 71446
148205 80907
145024 85271
153547 96415
154092 99400
167010 103493
169969 109666
178643 104500
190562 114451
189992 107864
193426 104861
196999 95887
208739 90437
231114 105505
231823 102973
240770 97746
257754 114484
266691 115639
279203 102257
277344 102099
276142 92862
269671 84104
283500 76382
293184 75335
301824 65678
312361 68770
312479 76219
319278 83976
306088 100383
308137 105329
284768 118518
274546 131196
269416 129061
284546 147522
261101 170861
257031 166193
249340 175585
249625 189266
255693 202628
245159 209038
247385 217517
244071 223793
251800 231322
247378 239724
256066 255800
248170 261930
235929 251992
221284 258503
231595 238544
228002 228447
226309 227787
233736 221520
223255 214225
202161 208676
190437 212186
187680 212299
180014 211297
150450 232444
149440 246516
167428 260836
189075 236319
208173 254395
200249 262900
206927 273086
199663 273791
190431 277135
180295 288309
170130 291172
168710 290909
157600 300304
154711 296190
161526 287485
157105 289953
152052 284718
153271 279237
137056 263437
123276 267742
132420 275552
133256 280794
124622 287298
110038 305096
121660 308461
115096 318728
108610 326259
102290 320951
100511 320897
100388 334459
100788 334658
91204 345080
102448 353409
101592 369514
105534 386818
100143 387836
92597 375357
88788 369206
78405 356310
67466 372355
73274 375608
83251 392515
74475 401656
79856 407472
77036 412552
71363 415006
83781 425186
72439 437873
87207 433790
85114 437053
85609 439785
87743 438829
93525 446269
98994 447748
96307 458772
91284 459916
96033 470246
87355 470087
82751 473454
87859 477557
79237 483115
89454 499592
62375 491484
48905 498707
33940 483610
36011 478497
34355 478708
9241 499793
12640 495552
6686 491546
-6254 479988
-12615 491150
-22940 475989
-27368 452944
-34357 434847
-25987 434405
-32792 427802
-34474 416673
-24804 412088
-27698 401491
-22671 399691
-22163 399424
-10793 404077
-7864 401994
5230 412167
-3195 427371
-2768 440984
7091 459323
31387 460512
48204 480117
46637 477193
51161 469708
58252 461604
53298 459302
63002 470283
66243 461601
73828 469299
81550 463442
78660 451423
73623 456468
66772 449622
56390 449864
42751 457571
43895 453629
39175 443716
51530 420206
23372 415475
14977 411751
10774 406659
6557 403309
13322 401488
20748 399761
44744 390879
37065 376811
30301 374108
27002 372001
28195 365842
32331 357750
48631 351025
66023 344314
75547 333957
70079 332802
75484 316739
49084 320192
42152 316530
33883 309351
32274 311236
29084 308368
33557 302167
19412 306816
13310 290218
281 277629
10685 258097
20295 260987
20068 262063
14460 276450
20659 282614
24504 279721
29229 291608
34866 287725
43050 282306
33149 279274
46089 264744
63701 257177
63382 264632
62254 270039
71226 290130
67326 295187
71667 304390
76503 301460
82461 298764
85112 305622
96322 292417
100212 281212
91783 283647
89571 278866
80042 273865
74167 270890
78187 259227
83092 253671
96053 265259
102065 264198
96599 254750
96891 249552
94207 245019
86403 240530
83809 234718
91292 230359
79269 215944
96231 223317
114785 239750
118713 236086
144943 211920
149314 202056
143629 196070
163615 209972
167822 201870
170991 199045
180244 191314
174105 178164
171001 176974
162116 162523
173642 154133
178199 151241
181328 154125
185499 151499
189628 156243
198301 158577
197723 166897
190007 170561
195440 173739
194393 177952
213335 196108
219297 185839
225749 189548
224209 195616
232292 191506
237722 188025
225721 177091
233609 171468
223417 161613
229802 158383
236954 165780
242963 158571
259681 142105
253157 131335
244826 135632
239238 120501
226512 121951
217982 129528
222679 132440
219738 136058
210109 138079
211592 125947
204838 116419
197439 125440
193889 133703
193504 133283
181919 139356
181304 146323
167721 137932
165763 117575
159070 116380
150550 120526
146701 136237
129340 132005
126865 134174
128043 143146
128760 145491
144613 151703
140622 160548
146150 161462
149160 163919
134442 179590
143008 178650
138237 173818
134698 168448
133176 165620
116165 171695
101522 177319
94277 185667
88382 188457
86730 194995
84618 193644
78517 186939
84672 174720
96133 158602
83804 145773
92211 138617
106459 146596
113167 128637
122625 111626
112391 114403
102813 126281
79441 103170
73684 106653
71092 106999
78747 126344
67976 134645
56743 126980
48604 135801
42901 124711
45720 114769
40498 115333
36112 118166
31989 111982
26103 117759
25094 119223
14091 116360
14659 106419
10854 102722
7627 98275
-4316 85846
-2839 78521
-20076 64885
-21516 75066
-15572 78302
-16123 86385
-23026 87127
-31621 95471
-48551 80155
-56719 74920
-61434 78028
-76012 59938
-69157 59012
-64453 48433
-46117 56924
-43348 48894
-43592 43929
-51663 28892
-46928 24690
-40534 17663
-28800 3081
-37182 -9518
-31123 -16642
-29528 -5813
-23940 -639
-13408 -9163
-11827 1372
-8751 12800
-17051 16529
-20818 15669
-14749 32916
-10461 34510
10468 36882
21428 34658
-1086 64463
5231 64933
4673 67852
4893 78887
6734 87845
13233 82344
24497 78017
24265 74626
37944 62641
42812 80508
41263 83709
32799 92906
49506 95982
63636 72939
64240 70159
47669 61177
53527 54883
52106 52649
49773 50717
59678 34493
64994 21464
60963 12380
72359 -4095
67953 -11406
59412 -2152
55090 959
48646 9649
47970 20551
46076 31964
42302 33949
33746 29272
34108 24090
39209 4896
48478 1454
47007 -6825
54389 -14161
45083 -18806
44605 -25936
77388 -28517
89916 -15015
95400 -17198
105270 -34488
96648 -37803
105627 -49323
92566 -58896
91769 -66215
98950 -70372
105454 -78577
89451 -101267
82745 -84343
80427 -76380
67020 -68569
65960 -83726
56215 -91536
57619 -98675
35976 -104597
40482 -114549
49562 -115341
49399 -125637
51860 -127046
57416 -130029
63368 -122510
65645 -118312
69380 -112122
88417 -132079
92197 -142125
96353 -138273
99343 -141011
113014 -145583
117769 -149675
114633 -160381
100000 -171950
98724 -178006
98404 -182607
94670 -193336
99012 -200440
106266 -199290
122373 -217788
135092 -215096
139134 -206149
139659 -202168
128364 -199711
138613 -186701
142551 -185773
142335 -181757
151691 -188951
172815 -155552
184058 -161384
197383 -172777
194092 -175721
191735 -183703
189216 -205187
187833 -207778
173948 -199727
174137 -202567
166603 -208386
165405 -216315
159073 -217970
157099 -230530
156388 -236302
163323 -257505
148113 -274778
143020 -274117
122014 -260404
117668 -256949
116249 -254512
109450 -250127
117654 -243618
120685 -235900
115796 -235115
99665 -246957
87070 -251172
82239 -263051
70379 -254737
66955 -250042
53961 -244842
66353 -234034
87070 -231597
88853 -231617
92863 -224940
97685 -227827
69627 -194845
76529 -179926
85320 -156363
68170 -152814
58797 -158437
41029 -160601
35425 -164120
30532 -176804
52805 -190574
54473 -196214
40835 -209357
39794 -220635
29997 -228026
41951 -234946
41235 -240085
36081 -251935
37035 -262994
68704 -295282
64035 -312722
72944 -321491
82690 -328296
94736 -332884
90413 -356261
79585 -343560
61152 -346546
50565 -344349
53129 -334364
56184 -327360
45938 -324712
39478 -320313
37827 -329477
32335 -332810
33722 -340287
33944 -348380
24720 -366537
35636 -371781
62457 -390127
59446 -382222
58038 -380613
52493 -384376
46027 -387966
41031 -393741
32875 -390434
31092 -401706
15206 -404595
6508 -380178
-1183 -362636
8461 -354710
8210 -340623
-6210 -331137
-6140 -339169
-13158 -348467
-18096 -368399
-32633 -359759
-24993 -347080
-28532 -340569
-21047 -335447
-27229 -324633
-36775 -327332
-35283 -332807
-40765 -336378
-46404 -332078
-49364 -341997
-64679 -339512
-86061 -352487
-77486 -363557
-67493 -351075
-62400 -353518
-52749 -358995
-47934 -367904
-52509 -371762
-26846 -390888
-41195 -408723
-49048 -411854
-50170 -411376
-46896 -417374
-51203 -417580
-70075 -408776
-55566 -398499
-54562 -390622
-57212 -385497
-67382 -375590
-64328 -372247
-65744 -366468
-71743 -376557
-77309 -378035
-77895 -385124
-73494 -386210
-78776 -397338
-83968 -399926
-91079 -406318
-94496 -411888
-96771 -405648
-106839 -395495
-105374 -403326
-103191 -406198
-103131 -406869
-111150 -410773
-94409 -425513
-101678 -446293
-124748 -446564
-120278 -433081
-126799 -433061
-139919 -433664
-148844 -442895
-154146 -437946
-155866 -430003
-156270 -429327
-165794 -422341
-164832 -414631
-161161 -414950
-156638 -415663
-142172 -415186
-127275 -416202
-126287 -409306
-123632 -402682
-123177 -392720
-114596 -395066
-103744 -377478
-95119 -378125
-108721 -361807
-133073 -371928
-143719 -366651
-145591 -365043
-159473 -335565
-153935 -337805
-141513 -343285
-115679 -317530
-132831 -309395
-140285 -316715
-138898 -317301
-138829 -319773
-147561 -310224
-140952 -305799
-163463 -289930
-178245 -292127
-179133 -279211
-184435 -276982
-176383 -268624
-183738 -252495
-196141 -263196
-223242 -251291
-213475 -236880
-215397 -237221
-228236 -227109
-224048 -218901
-227331 -210916
-231566 -203637
-240887 -195732
-242299 -193182
-238582 -187179
-229910 -190039
-228431 -190736
-217807 -184023
-205937 -193377
-217347 -198172
-209704 -205899
-202057 -220647
-188242 -214701
-182826 -223135
-179010 -233019
-158427 -237305
-151216 -236234
-137697 -239509
-125737 -246217
-121142 -245328
-129617 -266637
-117789 -275855
-103453 -276578
-106760 -288420
-102867 -301680
-92424 -307698
-87885 -324105
-83238 -325200
-81482 -321273
-80510 -316599
-69373 -315918
-57268 -303059
-61745 -302894
-55403 -290880
-50079 -297275
-48494 -301822
-51427 -311616
-40371 -315637
-26200 -302636
-24685 -301990
-12516 -296015
-8213 -311472
780 -314028
10294 -325357
8783 -315270
10152 -309303
5036 -304339
14519 -300033
12148 -292321
13115 -288599
29557 -285497
4841 -263310
624 -261165
-2600 -263685
18132 -245800
17265 -243404
16065 -242192
11557 -237446
1828 -242028
-891 -236721
-5181 -236213
-14579 -223081
-12202 -220806
-7865 -223223
-478 -211697
8090 -221754
9936 -216239
17011 -191199
17496 -186710
6406 -172389
-1296 -171538
-11010 -169942
-7551 -162328
-12495 -152499
-8662 -149314
-15151 -147139
-17522 -141934
-27699 -129017
-25886 -125388
-5859 -124932
7425 -133934
26399 -139170
29613 -132561
19363 -123144
15421 -125068
7784 -113417
-3910 -96673
17997 -78600
19364 -69115
41443 -73706
40479 -59227
39347 -47849
38018 -48534
23548 -46481
25745 -35322
17958 -24974
10389 -17142
17501 -9943
18953 -9406
14248 -1297
